1.160942832764505148e-02
1.080418088737201444e-02
8.857721843003412560e-03
7.743174061433447108e-03
6.975255972696246115e-03
6.505972696245733433e-03
6.457977815699659022e-03
6.852602389078497891e-03
6.143344709897610549e-03
5.754052901023890866e-03
5.866040955631398983e-03
6.116680887372013750e-03
5.354095563139931943e-03
5.119453924914675602e-03
5.178114334470990121e-03
5.178114334470990121e-03
4.783489761092150384e-03
4.991467576791809059e-03
4.714163822525597493e-03
4.383532423208191461e-03
4.239547781569965625e-03
4.383532423208191461e-03
3.914249146757678779e-03
3.679607508532423306e-03
3.535622866894197903e-03
4.074232081911263043e-03
3.434300341296928159e-03
3.684940273037542492e-03
4.164889078498293547e-03
3.476962457337883818e-03
3.679607508532423306e-03
3.530290102389078283e-03
3.263651877133105957e-03
3.375639931740614507e-03
3.471629692832764631e-03
3.546288395904436709e-03
3.210324232081911058e-03
3.220989761092150298e-03
3.151663822525597406e-03
2.901023890784983073e-03
2.959684300341296724e-03
3.140998293515358166e-03
2.879692832764505026e-03
2.927687713310580305e-03
2.927687713310580305e-03
2.773037542662116096e-03
2.789035836177474522e-03
2.735708191126280057e-03
2.629052901023890693e-03
2.426407849829351638e-03
2.581058020477815847e-03
2.533063139931740568e-03
2.586390784982935034e-03
2.645051194539249119e-03
2.773037542662116096e-03
2.325085324232081894e-03
2.351749146757679126e-03
2.255759385665529002e-03
1.994453924914675862e-03
2.351749146757679126e-03
2.357081911262798746e-03
2.309087030716723467e-03
2.202431740614334537e-03
2.250426621160409382e-03
2.159769624573378878e-03
2.229095563139931770e-03
2.293088737201365041e-03
2.053114334470989948e-03
2.143771331058020452e-03
2.122440273037542839e-03
2.181100682593856491e-03
2.021117747440273095e-03
2.181100682593856491e-03
1.930460750853242374e-03
2.197098976109214917e-03
2.010452218430034289e-03
2.101109215017064793e-03
2.213097269624573343e-03
2.127773037542662025e-03
2.106441979522184413e-03
2.111774744027303599e-03
1.866467576791808886e-03
2.058447098976109134e-03
1.813139931740614420e-03
1.909129692832764544e-03
1.925127986348122971e-03
1.727815699658703102e-03
1.813139931740614420e-03
1.957124573378839390e-03
1.930460750853242374e-03
2.015784982935153475e-03
1.861134812286689482e-03
1.653156996587030808e-03
1.802474402730375397e-03
1.717150170648464079e-03
1.877133105802047692e-03
1.882465870307167312e-03
1.690486348122866847e-03
1.887798634812286715e-03
1.877133105802047692e-03
1.626493174061433358e-03
1.839803754266211653e-03
1.669155290102389017e-03
1.695819112627986250e-03
1.711817406143344676e-03
1.887798634812286715e-03
1.818472696245733823e-03
1.754479522184300335e-03
1.823805460750853227e-03
1.786476109215016971e-03
1.727815699658703102e-03
1.599829351535836126e-03
1.626493174061433358e-03
1.695819112627986250e-03
1.941126279863481180e-03
1.578498293515358296e-03
1.583831058020477916e-03
1.690486348122866847e-03
1.423848122866894304e-03
1.455844709897610939e-03
1.535836177474402637e-03
1.525170648464163831e-03
1.386518771331058048e-03
1.514505119453924808e-03
1.247866894197952265e-03
1.487841296928327575e-03
1.541168941979522257e-03
1.509172354948805405e-03
1.445179180887371916e-03
1.434513651877133110e-03
1.519837883959044428e-03
1.381186006825938645e-03
1.338523890784982986e-03
1.461177474402730343e-03
1.386518771331058048e-03
1.434513651877133110e-03
1.429180887372013707e-03
1.327858361774743963e-03
1.525170648464163831e-03
1.231868600682593838e-03
1.231868600682593838e-03
1.178540955631399373e-03
1.189206484641638180e-03
1.375853242320819025e-03
1.327858361774743963e-03
1.343856655290102389e-03
1.226535836177474435e-03
1.226535836177474435e-03
9.758959044368601017e-04
1.386518771331058048e-03
1.231868600682593838e-03
1.253199658703071668e-03
1.306527303754266133e-03
1.087883959044368652e-03
1.103882252559726862e-03
1.221203071672355032e-03
1.066552901023890823e-03
1.215870307167235412e-03
1.231868600682593838e-03
1.349189419795221792e-03
1.205204778156996606e-03
1.285196245733788304e-03
1.263865187713310474e-03
1.210537542662116009e-03
1.253199658703071668e-03
1.199872013651877203e-03
1.114547781569965885e-03
1.141211604095563117e-03
1.098549488054607459e-03
1.093216723549488055e-03
1.125213310580204691e-03
1.194539249146757583e-03
9.918941979522185280e-04
1.007892491467576737e-03
9.438993174061433575e-04
1.007892491467576737e-03
1.146544368600682521e-03
1.018558020477815761e-03
1.157209897610921544e-03
1.221203071672355032e-03
1.162542662116040947e-03
1.125213310580204691e-03
1.050554607508532396e-03
1.103882252559726862e-03
1.082551194539249249e-03
1.071885665529010226e-03
1.135878839590443714e-03
9.332337883959044428e-04
9.918941979522185280e-04
9.705631399317405901e-04
1.045221843003412993e-03
1.093216723549488055e-03
1.029223549488054567e-03
9.332337883959044428e-04
1.071885665529010226e-03
9.972269624573379312e-04
9.172354948805461249e-04
9.865614334470989080e-04
1.103882252559726862e-03
7.465870307167235976e-04
8.425767918088737218e-04
9.225682593856655280e-04
9.279010238907849312e-04
9.865614334470989080e-04
8.905716723549487839e-04
9.758959044368601017e-04
8.959044368600682954e-04
1.007892491467576737e-03
8.532423208191126365e-04
1.018558020477815761e-03
9.065699658703072102e-04
9.652303754266211870e-04
9.598976109215016754e-04
9.279010238907849312e-04
9.652303754266211870e-04
9.279010238907849312e-04
9.119027303754266133e-04
8.852389078498293807e-04
1.023890784982935164e-03
8.532423208191126365e-04
9.652303754266211870e-04
7.519197952218430007e-04
8.265784982935154039e-04
9.865614334470989080e-04
8.479095563139931249e-04
9.865614334470989080e-04
8.639078498293515512e-04
9.385665529010238459e-04
8.852389078498293807e-04
1.018558020477815761e-03
8.372440273037543186e-04
1.082551194539249249e-03
8.105802047781569776e-04
9.119027303754266133e-04
8.745733788395904660e-04
8.372440273037543186e-04
7.519197952218430007e-04
9.332337883959044428e-04
9.332337883959044428e-04
8.265784982935154039e-04
8.745733788395904660e-04
9.172354948805461249e-04
9.065699658703072102e-04
7.839163822525597449e-04
9.385665529010238459e-04
6.932593856655290239e-04
1.194539249146757583e-03
7.199232081911262566e-04
9.225682593856655280e-04
7.732508532423208302e-04
8.799061433447098691e-04
8.585750853242320397e-04
6.719283276450511945e-04
7.839163822525597449e-04
7.892491467576791481e-04
8.852389078498293807e-04
8.639078498293515512e-04
9.065699658703072102e-04
8.852389078498293807e-04
7.679180887372013186e-04
9.065699658703072102e-04
8.639078498293515512e-04
8.585750853242320397e-04
8.745733788395904660e-04
9.012372013651876986e-04
1.146544368600682521e-03
8.052474402730375744e-04
7.839163822525597449e-04
8.159129692832764891e-04
8.159129692832764891e-04
8.532423208191126365e-04
6.932593856655290239e-04
7.519197952218430007e-04
8.159129692832764891e-04
9.119027303754266133e-04
8.585750853242320397e-04
5.919368600682593882e-04
7.465870307167235976e-04
7.732508532423208302e-04
8.212457337883958923e-04
7.305887372013651713e-04
8.479095563139931249e-04
7.359215017064846829e-04
7.999146757679180628e-04
7.305887372013651713e-04
7.572525597269624039e-04
7.412542662116040860e-04
8.212457337883958923e-04
8.425767918088737218e-04
8.265784982935154039e-04
7.039249146757679387e-04
8.265784982935154039e-04
6.665955631399317913e-04
7.945819112627986597e-04
7.359215017064846829e-04
7.145904436860068534e-04
8.265784982935154039e-04
7.785836177474402334e-04
7.625853242320819155e-04
7.359215017064846829e-04
6.559300341296928766e-04
8.425767918088737218e-04
7.519197952218430007e-04
7.145904436860068534e-04
6.612627986348122797e-04
7.839163822525597449e-04
7.465870307167235976e-04
6.772610921501705976e-04
7.519197952218430007e-04
6.772610921501705976e-04
7.092576791808873418e-04
6.879266211604095124e-04
7.039249146757679387e-04
7.625853242320819155e-04
7.625853242320819155e-04
7.359215017064846829e-04
7.252559726962457681e-04
6.772610921501705976e-04
6.559300341296928766e-04
8.052474402730375744e-04
6.665955631399317913e-04
6.505972696245733650e-04
7.465870307167235976e-04
6.985921501706484271e-04
5.706058020477815587e-04
6.505972696245733650e-04
7.092576791808873418e-04
6.825938566552901092e-04
5.759385665529010703e-04
7.252559726962457681e-04
6.932593856655290239e-04
7.199232081911262566e-04
7.519197952218430007e-04
7.679180887372013186e-04
6.559300341296928766e-04
7.199232081911262566e-04
7.519197952218430007e-04
6.239334470989761324e-04
6.292662116040955355e-04
5.599402730375426440e-04
7.199232081911262566e-04
5.919368600682593882e-04
6.612627986348122797e-04
7.039249146757679387e-04
7.625853242320819155e-04
6.719283276450511945e-04
5.919368600682593882e-04
4.426194539249146903e-04
6.399317406143344503e-04
7.305887372013651713e-04
7.305887372013651713e-04
6.932593856655290239e-04
6.132679180887372176e-04
6.772610921501705976e-04
6.719283276450511945e-04
6.772610921501705976e-04
5.386092150170648145e-04
6.879266211604095124e-04
6.292662116040955355e-04
6.505972696245733650e-04
7.305887372013651713e-04
6.772610921501705976e-04
5.546075085324232408e-04
6.399317406143344503e-04
5.972696245733787913e-04
7.039249146757679387e-04
6.026023890784983029e-04
6.559300341296928766e-04
5.599402730375426440e-04
6.612627986348122797e-04
5.759385665529010703e-04
6.932593856655290239e-04
5.759385665529010703e-04
5.706058020477815587e-04
6.026023890784983029e-04
5.012798634812286672e-04
4.852815699658702951e-04
6.612627986348122797e-04
5.386092150170648145e-04
5.332764505119454114e-04
4.799488054607508377e-04
5.759385665529010703e-04
6.345989761092150471e-04
5.706058020477815587e-04
4.852815699658702951e-04
9.172354948805461249e-04
6.026023890784983029e-04
6.345989761092150471e-04
6.132679180887372176e-04
6.985921501706484271e-04
6.452645051194539618e-04
6.505972696245733650e-04
5.546075085324232408e-04
5.226109215017064966e-04
6.719283276450511945e-04
5.972696245733787913e-04
6.345989761092150471e-04
5.972696245733787913e-04
5.492747440273037293e-04
5.386092150170648145e-04
6.985921501706484271e-04
5.706058020477815587e-04
6.559300341296928766e-04
6.239334470989761324e-04
5.439419795221843261e-04
6.132679180887372176e-04
6.079351535836177061e-04
5.919368600682593882e-04
5.012798634812286672e-04
5.919368600682593882e-04
5.866040955631399850e-04
6.186006825938566208e-04
6.452645051194539618e-04
5.866040955631399850e-04
6.772610921501705976e-04
5.919368600682593882e-04
5.546075085324232408e-04
5.972696245733787913e-04
5.599402730375426440e-04
4.959470989761092640e-04
5.599402730375426440e-04
5.546075085324232408e-04
5.066126279863480703e-04
5.866040955631399850e-04
5.386092150170648145e-04
4.906143344709897524e-04
5.866040955631399850e-04
4.532849829351536051e-04
5.492747440273037293e-04
6.079351535836177061e-04
4.799488054607508377e-04
4.692832764505119230e-04
5.386092150170648145e-04
5.546075085324232408e-04
6.079351535836177061e-04
5.492747440273037293e-04
5.332764505119454114e-04
5.279436860068258998e-04
5.972696245733787913e-04
5.386092150170648145e-04
5.706058020477815587e-04
4.799488054607508377e-04
5.599402730375426440e-04
5.012798634812286672e-04
5.226109215017064966e-04
5.279436860068258998e-04
5.866040955631399850e-04
4.639505119453924656e-04
5.226109215017064966e-04
5.386092150170648145e-04
5.172781569965869851e-04
5.226109215017064966e-04
5.866040955631399850e-04
5.066126279863480703e-04
5.439419795221843261e-04
5.599402730375426440e-04
5.492747440273037293e-04
6.239334470989761324e-04
3.892918088737201167e-04
4.799488054607508377e-04
4.052901023890784888e-04
4.479522184300341477e-04
5.226109215017064966e-04
5.812713310580204734e-04
6.186006825938566208e-04
4.799488054607508377e-04
4.799488054607508377e-04
4.586177474402730624e-04
4.532849829351536051e-04
5.706058020477815587e-04
4.692832764505119230e-04
5.119453924914675819e-04
5.332764505119454114e-04
5.012798634812286672e-04
4.266211604095563182e-04
5.919368600682593882e-04
5.066126279863480703e-04
5.439419795221843261e-04
5.172781569965869851e-04
4.639505119453924656e-04
5.226109215017064966e-04
4.852815699658702951e-04
5.172781569965869851e-04
5.119453924914675819e-04
5.919368600682593882e-04
4.212883959044368609e-04
4.212883959044368609e-04
4.159556313993174035e-04
4.159556313993174035e-04
4.532849829351536051e-04
4.372866894197952330e-04
5.012798634812286672e-04
4.586177474402730624e-04
4.479522184300341477e-04
4.692832764505119230e-04
4.852815699658702951e-04
4.586177474402730624e-04
4.639505119453924656e-04
5.012798634812286672e-04
5.279436860068258998e-04
4.372866894197952330e-04
3.786262798634812020e-04
4.746160409556313803e-04
4.959470989761092640e-04
4.212883959044368609e-04
4.319539249146757756e-04
4.266211604095563182e-04
5.279436860068258998e-04
4.746160409556313803e-04
4.532849829351536051e-04
4.799488054607508377e-04
4.799488054607508377e-04
3.999573378839590314e-04
5.066126279863480703e-04
3.999573378839590314e-04
5.599402730375426440e-04
5.332764505119454114e-04
5.226109215017064966e-04
4.639505119453924656e-04
3.892918088737201167e-04
4.426194539249146903e-04
4.586177474402730624e-04
5.172781569965869851e-04
4.372866894197952330e-04
5.226109215017064966e-04
4.692832764505119230e-04
4.106228668941979461e-04
4.692832764505119230e-04
4.692832764505119230e-04
4.746160409556313803e-04
5.066126279863480703e-04
6.505972696245733650e-04
4.586177474402730624e-04
4.159556313993174035e-04
4.266211604095563182e-04
3.892918088737201167e-04
4.106228668941979461e-04
4.959470989761092640e-04
5.546075085324232408e-04
4.106228668941979461e-04
4.106228668941979461e-04
5.226109215017064966e-04
4.746160409556313803e-04
5.652730375426621556e-04
4.372866894197952330e-04
4.746160409556313803e-04
4.266211604095563182e-04
4.746160409556313803e-04
4.639505119453924656e-04
3.999573378839590314e-04
4.426194539249146903e-04
4.586177474402730624e-04
4.586177474402730624e-04
3.359641638225255972e-04
4.319539249146757756e-04
4.319539249146757756e-04
4.426194539249146903e-04
4.479522184300341477e-04
4.799488054607508377e-04
4.426194539249146903e-04
4.159556313993174035e-04
4.052901023890784888e-04
4.319539249146757756e-04
4.159556313993174035e-04
4.639505119453924656e-04
4.906143344709897524e-04
4.532849829351536051e-04
4.746160409556313803e-04
3.039675767918088530e-04
4.266211604095563182e-04
5.172781569965869851e-04
4.906143344709897524e-04
3.946245733788395741e-04
4.639505119453924656e-04
3.412969283276450546e-04
4.532849829351536051e-04
3.626279863481228841e-04
4.799488054607508377e-04
3.892918088737201167e-04
4.212883959044368609e-04
4.852815699658702951e-04
4.586177474402730624e-04
4.266211604095563182e-04
3.892918088737201167e-04
4.639505119453924656e-04
3.306313993174061399e-04
3.412969283276450546e-04
4.639505119453924656e-04
3.999573378839590314e-04
3.359641638225255972e-04
4.959470989761092640e-04
3.839590443686006593e-04
4.266211604095563182e-04
4.052901023890784888e-04
4.106228668941979461e-04
4.052901023890784888e-04
3.839590443686006593e-04
4.479522184300341477e-04
3.786262798634812020e-04
3.732935153583617988e-04
4.052901023890784888e-04
3.999573378839590314e-04
3.839590443686006593e-04
3.946245733788395741e-04
4.106228668941979461e-04
4.052901023890784888e-04
3.626279863481228841e-04
3.999573378839590314e-04
2.933020477815699925e-04
3.466296928327645120e-04
3.786262798634812020e-04
3.572952218430034267e-04
4.052901023890784888e-04
2.879692832764505351e-04
4.799488054607508377e-04
3.839590443686006593e-04
3.999573378839590314e-04
4.159556313993174035e-04
3.732935153583617988e-04
3.946245733788395741e-04
3.679607508532423414e-04
4.159556313993174035e-04
3.679607508532423414e-04
4.372866894197952330e-04
4.106228668941979461e-04
3.946245733788395741e-04
3.359641638225255972e-04
3.572952218430034267e-04
2.719709897610921630e-04
4.106228668941979461e-04
3.946245733788395741e-04
3.572952218430034267e-04
3.572952218430034267e-04
4.052901023890784888e-04
4.159556313993174035e-04
5.706058020477815587e-04
3.732935153583617988e-04
4.266211604095563182e-04
3.679607508532423414e-04
3.839590443686006593e-04
3.412969283276450546e-04
3.199658703071672251e-04
3.679607508532423414e-04
3.679607508532423414e-04
3.519624573378839693e-04
3.786262798634812020e-04
3.999573378839590314e-04
3.732935153583617988e-04
3.839590443686006593e-04
4.372866894197952330e-04
4.479522184300341477e-04
3.466296928327645120e-04
4.106228668941979461e-04
3.892918088737201167e-04
4.052901023890784888e-04
3.519624573378839693e-04
3.359641638225255972e-04
3.892918088737201167e-04
4.212883959044368609e-04
3.679607508532423414e-04
3.572952218430034267e-04
3.572952218430034267e-04
3.093003412969283104e-04
3.412969283276450546e-04
3.359641638225255972e-04
3.679607508532423414e-04
3.519624573378839693e-04
3.412969283276450546e-04
3.786262798634812020e-04
4.212883959044368609e-04
3.572952218430034267e-04
3.572952218430034267e-04
3.626279863481228841e-04
3.306313993174061399e-04
4.479522184300341477e-04
3.199658703071672251e-04
3.412969283276450546e-04
3.572952218430034267e-04
3.093003412969283104e-04
3.839590443686006593e-04
3.412969283276450546e-04
3.412969283276450546e-04
3.146331058020477678e-04
3.786262798634812020e-04
3.466296928327645120e-04
3.519624573378839693e-04
3.199658703071672251e-04
3.039675767918088530e-04
3.359641638225255972e-04
2.773037542662116204e-04
2.826365187713310778e-04
3.679607508532423414e-04
4.212883959044368609e-04
3.199658703071672251e-04
3.892918088737201167e-04
3.199658703071672251e-04
2.453071672354948762e-04
3.093003412969283104e-04
4.532849829351536051e-04
3.466296928327645120e-04
3.786262798634812020e-04
3.732935153583617988e-04
3.359641638225255972e-04
4.799488054607508377e-04
3.786262798634812020e-04
3.626279863481228841e-04
3.039675767918088530e-04
2.399744027303754189e-04
4.746160409556313803e-04
3.359641638225255972e-04
3.039675767918088530e-04
2.933020477815699925e-04
2.773037542662116204e-04
3.306313993174061399e-04
3.093003412969283104e-04
3.199658703071672251e-04
3.412969283276450546e-04
2.986348122866893957e-04
3.732935153583617988e-04
3.146331058020477678e-04
3.093003412969283104e-04
3.359641638225255972e-04
3.199658703071672251e-04
3.252986348122866825e-04
3.252986348122866825e-04
3.359641638225255972e-04
3.146331058020477678e-04
2.719709897610921630e-04
2.559726962457337909e-04
3.359641638225255972e-04
3.359641638225255972e-04
2.719709897610921630e-04
3.039675767918088530e-04
2.346416382252559615e-04
3.732935153583617988e-04
3.572952218430034267e-04
2.773037542662116204e-04
3.412969283276450546e-04
2.879692832764505351e-04
2.986348122866893957e-04
3.146331058020477678e-04
3.146331058020477678e-04
3.786262798634812020e-04
3.839590443686006593e-04
2.666382252559727057e-04
2.933020477815699925e-04
3.039675767918088530e-04
3.093003412969283104e-04
3.252986348122866825e-04
3.252986348122866825e-04
2.986348122866893957e-04
2.613054607508532483e-04
3.359641638225255972e-04
2.986348122866893957e-04
3.519624573378839693e-04
2.773037542662116204e-04
2.773037542662116204e-04
2.293088737201365312e-04
3.199658703071672251e-04
3.252986348122866825e-04
3.093003412969283104e-04
2.719709897610921630e-04
3.039675767918088530e-04
2.986348122866893957e-04
3.252986348122866825e-04
3.093003412969283104e-04
2.506399317406143336e-04
1.973122866894197870e-04
3.146331058020477678e-04
2.826365187713310778e-04
2.933020477815699925e-04
2.879692832764505351e-04
4.532849829351536051e-04
2.399744027303754189e-04
2.719709897610921630e-04
3.412969283276450546e-04
2.879692832764505351e-04
4.479522184300341477e-04
3.306313993174061399e-04
2.506399317406143336e-04
3.039675767918088530e-04
2.399744027303754189e-04
2.506399317406143336e-04
2.399744027303754189e-04
1.813139931740614420e-04
3.146331058020477678e-04
2.879692832764505351e-04
2.986348122866893957e-04
2.933020477815699925e-04
2.986348122866893957e-04
2.666382252559727057e-04
3.093003412969283104e-04
2.506399317406143336e-04
2.826365187713310778e-04
2.506399317406143336e-04
3.199658703071672251e-04
2.666382252559727057e-04
2.719709897610921630e-04
2.933020477815699925e-04
2.986348122866893957e-04
2.026450511945392444e-04
3.252986348122866825e-04
3.039675767918088530e-04
2.773037542662116204e-04
4.319539249146757756e-04
2.879692832764505351e-04
2.826365187713310778e-04
3.306313993174061399e-04
2.453071672354948762e-04
2.453071672354948762e-04
2.293088737201365312e-04
2.719709897610921630e-04
2.666382252559727057e-04
2.773037542662116204e-04
3.039675767918088530e-04
2.453071672354948762e-04
3.626279863481228841e-04
2.293088737201365312e-04
2.346416382252559615e-04
2.613054607508532483e-04
2.773037542662116204e-04
2.986348122866893957e-04
2.506399317406143336e-04
2.506399317406143336e-04
2.879692832764505351e-04
2.719709897610921630e-04
2.719709897610921630e-04
3.146331058020477678e-04
2.719709897610921630e-04
1.333191126279863528e-04
3.466296928327645120e-04
2.826365187713310778e-04
3.519624573378839693e-04
2.826365187713310778e-04
3.093003412969283104e-04
3.572952218430034267e-04
3.892918088737201167e-04
2.559726962457337909e-04
2.346416382252559615e-04
2.239761092150170739e-04
1.866467576791808994e-04
2.346416382252559615e-04
2.506399317406143336e-04
2.719709897610921630e-04
2.666382252559727057e-04
2.773037542662116204e-04
2.773037542662116204e-04
2.239761092150170739e-04
2.879692832764505351e-04
2.453071672354948762e-04
1.973122866894197870e-04
2.879692832764505351e-04
2.826365187713310778e-04
3.306313993174061399e-04
2.826365187713310778e-04
1.386518771331058102e-04
2.506399317406143336e-04
3.146331058020477678e-04
2.559726962457337909e-04
2.613054607508532483e-04
2.293088737201365312e-04
2.239761092150170739e-04
2.506399317406143336e-04
2.933020477815699925e-04
2.559726962457337909e-04
3.146331058020477678e-04
2.506399317406143336e-04
2.293088737201365312e-04
2.773037542662116204e-04
3.093003412969283104e-04
2.666382252559727057e-04
2.559726962457337909e-04
2.346416382252559615e-04
2.453071672354948762e-04
3.039675767918088530e-04
2.079778156996587018e-04
2.346416382252559615e-04
2.239761092150170739e-04
2.559726962457337909e-04
2.666382252559727057e-04
2.613054607508532483e-04
2.986348122866893957e-04
2.026450511945392444e-04
3.892918088737201167e-04
2.346416382252559615e-04
2.346416382252559615e-04
2.613054607508532483e-04
2.719709897610921630e-04
2.559726962457337909e-04
3.146331058020477678e-04
2.613054607508532483e-04
2.666382252559727057e-04
2.346416382252559615e-04
2.719709897610921630e-04
2.346416382252559615e-04
2.826365187713310778e-04
2.613054607508532483e-04
2.399744027303754189e-04
2.399744027303754189e-04
2.133105802047781591e-04
2.346416382252559615e-04
2.186433447098976165e-04
2.933020477815699925e-04
2.239761092150170739e-04
2.613054607508532483e-04
2.346416382252559615e-04
3.626279863481228841e-04
1.759812286689419847e-04
2.986348122866893957e-04
2.559726962457337909e-04
2.613054607508532483e-04
2.719709897610921630e-04
3.146331058020477678e-04
2.346416382252559615e-04
2.879692832764505351e-04
2.559726962457337909e-04
2.506399317406143336e-04
3.466296928327645120e-04
2.773037542662116204e-04
2.559726962457337909e-04
2.773037542662116204e-04
2.506399317406143336e-04
2.879692832764505351e-04
2.026450511945392444e-04
2.719709897610921630e-04
2.026450511945392444e-04
2.346416382252559615e-04
2.506399317406143336e-04
2.293088737201365312e-04
2.453071672354948762e-04
2.399744027303754189e-04
2.293088737201365312e-04
2.666382252559727057e-04
2.186433447098976165e-04
2.559726962457337909e-04
2.666382252559727057e-04
2.346416382252559615e-04
2.773037542662116204e-04
2.613054607508532483e-04
2.719709897610921630e-04
2.666382252559727057e-04
3.626279863481228841e-04
2.399744027303754189e-04
2.666382252559727057e-04
1.546501706484641552e-04
1.919795221843003297e-04
2.026450511945392444e-04
2.239761092150170739e-04
2.346416382252559615e-04
3.306313993174061399e-04
2.239761092150170739e-04
2.613054607508532483e-04
2.079778156996587018e-04
2.666382252559727057e-04
1.813139931740614420e-04
2.453071672354948762e-04
2.133105802047781591e-04
2.986348122866893957e-04
2.559726962457337909e-04
2.346416382252559615e-04
2.773037542662116204e-04
1.706484641638225273e-04
2.293088737201365312e-04
2.186433447098976165e-04
2.826365187713310778e-04
1.919795221843003297e-04
2.399744027303754189e-04
1.759812286689419847e-04
2.773037542662116204e-04
2.933020477815699925e-04
2.186433447098976165e-04
2.453071672354948762e-04
1.493174061433446978e-04
2.346416382252559615e-04
2.133105802047781591e-04
2.346416382252559615e-04
2.293088737201365312e-04
1.706484641638225273e-04
2.293088737201365312e-04
2.346416382252559615e-04
2.239761092150170739e-04
2.293088737201365312e-04
2.719709897610921630e-04
2.186433447098976165e-04
2.506399317406143336e-04
2.346416382252559615e-04
2.559726962457337909e-04
1.919795221843003297e-04
1.813139931740614420e-04
1.866467576791808994e-04
2.186433447098976165e-04
2.293088737201365312e-04
2.026450511945392444e-04
2.133105802047781591e-04
2.239761092150170739e-04
1.919795221843003297e-04
3.359641638225255972e-04
2.399744027303754189e-04
2.613054607508532483e-04
2.613054607508532483e-04
2.453071672354948762e-04
1.759812286689419847e-04
2.399744027303754189e-04
1.813139931740614420e-04
2.293088737201365312e-04
2.079778156996587018e-04
2.613054607508532483e-04
2.293088737201365312e-04
2.186433447098976165e-04
1.973122866894197870e-04
2.133105802047781591e-04
2.506399317406143336e-04
2.293088737201365312e-04
2.186433447098976165e-04
1.973122866894197870e-04
2.826365187713310778e-04
2.133105802047781591e-04
2.559726962457337909e-04
2.239761092150170739e-04
2.239761092150170739e-04
2.346416382252559615e-04
1.759812286689419847e-04
1.813139931740614420e-04
1.279863481228668955e-04
1.973122866894197870e-04
1.759812286689419847e-04
2.026450511945392444e-04
2.026450511945392444e-04
2.239761092150170739e-04
2.133105802047781591e-04
2.079778156996587018e-04
1.919795221843003297e-04
2.026450511945392444e-04
1.866467576791808994e-04
1.866467576791808994e-04
2.133105802047781591e-04
2.399744027303754189e-04
2.026450511945392444e-04
2.133105802047781591e-04
1.813139931740614420e-04
2.026450511945392444e-04
1.813139931740614420e-04
2.239761092150170739e-04
1.919795221843003297e-04
2.026450511945392444e-04
1.866467576791808994e-04
2.133105802047781591e-04
2.133105802047781591e-04
2.239761092150170739e-04
1.866467576791808994e-04
1.866467576791808994e-04
1.653156996587030699e-04
2.133105802047781591e-04
3.146331058020477678e-04
2.719709897610921630e-04
2.026450511945392444e-04
2.079778156996587018e-04
1.973122866894197870e-04
2.079778156996587018e-04
1.919795221843003297e-04
2.293088737201365312e-04
1.813139931740614420e-04
1.919795221843003297e-04
1.599829351535836126e-04
2.026450511945392444e-04
2.239761092150170739e-04
1.973122866894197870e-04
1.546501706484641552e-04
2.239761092150170739e-04
1.706484641638225273e-04
1.866467576791808994e-04
2.559726962457337909e-04
1.759812286689419847e-04
2.079778156996587018e-04
1.919795221843003297e-04
2.239761092150170739e-04
1.706484641638225273e-04
2.239761092150170739e-04
1.333191126279863528e-04
2.133105802047781591e-04
2.506399317406143336e-04
2.026450511945392444e-04
1.866467576791808994e-04
1.599829351535836126e-04
1.759812286689419847e-04
1.919795221843003297e-04
2.293088737201365312e-04
1.866467576791808994e-04
1.973122866894197870e-04
2.666382252559727057e-04
2.186433447098976165e-04
1.919795221843003297e-04
1.919795221843003297e-04
1.759812286689419847e-04
1.653156996587030699e-04
1.706484641638225273e-04
1.866467576791808994e-04
2.293088737201365312e-04
1.919795221843003297e-04
2.133105802047781591e-04
1.599829351535836126e-04
1.706484641638225273e-04
2.133105802047781591e-04
1.706484641638225273e-04
1.653156996587030699e-04
1.813139931740614420e-04
1.599829351535836126e-04
1.653156996587030699e-04
2.133105802047781591e-04
2.453071672354948762e-04
1.759812286689419847e-04
2.613054607508532483e-04
1.546501706484641552e-04
1.866467576791808994e-04
2.079778156996587018e-04
1.706484641638225273e-04
2.453071672354948762e-04
1.973122866894197870e-04
1.546501706484641552e-04
2.079778156996587018e-04
2.186433447098976165e-04
2.239761092150170739e-04
1.599829351535836126e-04
1.653156996587030699e-04
1.546501706484641552e-04
2.133105802047781591e-04
2.399744027303754189e-04
2.079778156996587018e-04
1.866467576791808994e-04
1.973122866894197870e-04
2.666382252559727057e-04
1.546501706484641552e-04
1.439846416382252676e-04
2.239761092150170739e-04
1.866467576791808994e-04
2.613054607508532483e-04
1.653156996587030699e-04
1.973122866894197870e-04
1.866467576791808994e-04
1.653156996587030699e-04
2.186433447098976165e-04
1.653156996587030699e-04
1.759812286689419847e-04
2.133105802047781591e-04
1.919795221843003297e-04
1.653156996587030699e-04
2.079778156996587018e-04
2.133105802047781591e-04
1.386518771331058102e-04
1.599829351535836126e-04
2.239761092150170739e-04
2.186433447098976165e-04
2.399744027303754189e-04
1.706484641638225273e-04
2.773037542662116204e-04
1.653156996587030699e-04
1.866467576791808994e-04
2.506399317406143336e-04
2.773037542662116204e-04
1.653156996587030699e-04
2.026450511945392444e-04
1.279863481228668955e-04
1.759812286689419847e-04
1.759812286689419847e-04
1.386518771331058102e-04
1.653156996587030699e-04
1.493174061433446978e-04
1.919795221843003297e-04
1.919795221843003297e-04
2.026450511945392444e-04
2.079778156996587018e-04
2.079778156996587018e-04
1.653156996587030699e-04
1.759812286689419847e-04
1.759812286689419847e-04
1.333191126279863528e-04
1.813139931740614420e-04
1.759812286689419847e-04
1.813139931740614420e-04
1.813139931740614420e-04
1.866467576791808994e-04
1.759812286689419847e-04
1.493174061433446978e-04
1.866467576791808994e-04
1.866467576791808994e-04
1.973122866894197870e-04
1.653156996587030699e-04
2.666382252559727057e-04
1.813139931740614420e-04
1.866467576791808994e-04
1.759812286689419847e-04
1.919795221843003297e-04
1.759812286689419847e-04
1.386518771331058102e-04
1.546501706484641552e-04
1.546501706484641552e-04
1.866467576791808994e-04
1.919795221843003297e-04
2.186433447098976165e-04
1.653156996587030699e-04
1.759812286689419847e-04
1.706484641638225273e-04
1.493174061433446978e-04
1.599829351535836126e-04
1.546501706484641552e-04
1.973122866894197870e-04
1.813139931740614420e-04
1.279863481228668955e-04
1.706484641638225273e-04
1.866467576791808994e-04
1.973122866894197870e-04
2.453071672354948762e-04
1.759812286689419847e-04
1.653156996587030699e-04
1.706484641638225273e-04
7.999146757679180628e-05
1.759812286689419847e-04
1.599829351535836126e-04
1.866467576791808994e-04
1.919795221843003297e-04
1.439846416382252676e-04
1.706484641638225273e-04
1.493174061433446978e-04
1.759812286689419847e-04
1.706484641638225273e-04
1.973122866894197870e-04
1.599829351535836126e-04
1.493174061433446978e-04
1.813139931740614420e-04
2.079778156996587018e-04
1.706484641638225273e-04
1.439846416382252676e-04
1.866467576791808994e-04
1.493174061433446978e-04
1.759812286689419847e-04
1.599829351535836126e-04
2.506399317406143336e-04
1.599829351535836126e-04
1.706484641638225273e-04
1.706484641638225273e-04
1.386518771331058102e-04
1.813139931740614420e-04
1.973122866894197870e-04
1.279863481228668955e-04
2.506399317406143336e-04
1.546501706484641552e-04
1.439846416382252676e-04
2.506399317406143336e-04
1.813139931740614420e-04
1.759812286689419847e-04
1.546501706484641552e-04
1.546501706484641552e-04
1.546501706484641552e-04
1.759812286689419847e-04
2.133105802047781591e-04
1.546501706484641552e-04
1.493174061433446978e-04
1.653156996587030699e-04
1.226535836177474381e-04
1.493174061433446978e-04
2.079778156996587018e-04
1.599829351535836126e-04
1.493174061433446978e-04
1.759812286689419847e-04
1.439846416382252676e-04
1.706484641638225273e-04
1.439846416382252676e-04
1.813139931740614420e-04
1.973122866894197870e-04
1.919795221843003297e-04
9.598976109215016483e-05
1.546501706484641552e-04
1.653156996587030699e-04
1.706484641638225273e-04
1.759812286689419847e-04
1.493174061433446978e-04
1.439846416382252676e-04
2.399744027303754189e-04
1.226535836177474381e-04
1.439846416382252676e-04
1.546501706484641552e-04
1.226535836177474381e-04
1.386518771331058102e-04
9.065699658703072102e-05
1.333191126279863528e-04
1.493174061433446978e-04
1.439846416382252676e-04
1.599829351535836126e-04
1.173208191126279807e-04
1.226535836177474381e-04
1.599829351535836126e-04
1.439846416382252676e-04
1.333191126279863528e-04
1.599829351535836126e-04
1.813139931740614420e-04
1.599829351535836126e-04
1.439846416382252676e-04
1.546501706484641552e-04
1.653156996587030699e-04
1.759812286689419847e-04
1.546501706484641552e-04
1.013225255972696222e-04
1.439846416382252676e-04
1.493174061433446978e-04
1.439846416382252676e-04
1.333191126279863528e-04
1.706484641638225273e-04
1.226535836177474381e-04
1.706484641638225273e-04
1.386518771331058102e-04
1.919795221843003297e-04
1.173208191126279807e-04
1.173208191126279807e-04
1.173208191126279807e-04
1.973122866894197870e-04
1.333191126279863528e-04
1.119880546075085369e-04
1.599829351535836126e-04
1.279863481228668955e-04
1.439846416382252676e-04
1.386518771331058102e-04
1.973122866894197870e-04
2.293088737201365312e-04
1.226535836177474381e-04
1.439846416382252676e-04
1.706484641638225273e-04
1.599829351535836126e-04
1.066552901023890796e-04
1.653156996587030699e-04
1.386518771331058102e-04
1.493174061433446978e-04
1.813139931740614420e-04
1.439846416382252676e-04
1.706484641638225273e-04
1.706484641638225273e-04
1.759812286689419847e-04
1.226535836177474381e-04
1.439846416382252676e-04
1.439846416382252676e-04
1.279863481228668955e-04
1.493174061433446978e-04
1.333191126279863528e-04
1.599829351535836126e-04
1.333191126279863528e-04
1.226535836177474381e-04
1.226535836177474381e-04
1.653156996587030699e-04
1.279863481228668955e-04
1.599829351535836126e-04
1.333191126279863528e-04
1.706484641638225273e-04
1.386518771331058102e-04
1.493174061433446978e-04
1.279863481228668955e-04
1.706484641638225273e-04
1.226535836177474381e-04
1.706484641638225273e-04
1.493174061433446978e-04
1.599829351535836126e-04
1.653156996587030699e-04
1.973122866894197870e-04
1.493174061433446978e-04
1.013225255972696222e-04
1.333191126279863528e-04
1.013225255972696222e-04
1.599829351535836126e-04
1.493174061433446978e-04
1.173208191126279807e-04
1.866467576791808994e-04
1.386518771331058102e-04
1.119880546075085369e-04
1.813139931740614420e-04
1.119880546075085369e-04
1.226535836177474381e-04
1.439846416382252676e-04
1.386518771331058102e-04
1.066552901023890796e-04
1.386518771331058102e-04
1.706484641638225273e-04
1.759812286689419847e-04
1.119880546075085369e-04
1.866467576791808994e-04
1.706484641638225273e-04
1.493174061433446978e-04
1.439846416382252676e-04
1.653156996587030699e-04
1.386518771331058102e-04
9.065699658703072102e-05
1.386518771331058102e-04
1.546501706484641552e-04
1.599829351535836126e-04
1.173208191126279807e-04
1.386518771331058102e-04
1.759812286689419847e-04
1.226535836177474381e-04
1.493174061433446978e-04
1.386518771331058102e-04
1.919795221843003297e-04
1.386518771331058102e-04
1.119880546075085369e-04
1.173208191126279807e-04
1.066552901023890796e-04
1.279863481228668955e-04
1.493174061433446978e-04
1.386518771331058102e-04
1.546501706484641552e-04
1.279863481228668955e-04
1.973122866894197870e-04
1.653156996587030699e-04
8.532423208191126365e-05
1.546501706484641552e-04
1.279863481228668955e-04
1.066552901023890796e-04
1.439846416382252676e-04
1.493174061433446978e-04
1.119880546075085369e-04
1.759812286689419847e-04
1.119880546075085369e-04
9.598976109215016483e-05
1.333191126279863528e-04
1.439846416382252676e-04
1.386518771331058102e-04
1.653156996587030699e-04
9.598976109215016483e-05
9.598976109215016483e-05
1.439846416382252676e-04
1.493174061433446978e-04
1.386518771331058102e-04
1.599829351535836193e-05
1.493174061433446978e-04
6.932593856655290510e-05
1.386518771331058102e-04
1.599829351535836126e-04
1.439846416382252676e-04
1.439846416382252676e-04
1.973122866894197870e-04
1.386518771331058102e-04
1.066552901023890796e-04
1.653156996587030699e-04
1.333191126279863528e-04
1.493174061433446978e-04
1.279863481228668955e-04
1.386518771331058102e-04
1.439846416382252676e-04
1.119880546075085369e-04
1.173208191126279807e-04
1.546501706484641552e-04
1.866467576791808994e-04
1.386518771331058102e-04
1.279863481228668955e-04
1.386518771331058102e-04
1.173208191126279807e-04
1.493174061433446978e-04
1.119880546075085369e-04
1.386518771331058102e-04
1.226535836177474381e-04
1.599829351535836126e-04
1.706484641638225273e-04
1.333191126279863528e-04
1.226535836177474381e-04
1.173208191126279807e-04
1.173208191126279807e-04
1.226535836177474381e-04
1.333191126279863528e-04
1.493174061433446978e-04
1.386518771331058102e-04
1.386518771331058102e-04
1.386518771331058102e-04
5.332764505119453978e-06
1.599829351535836126e-04
1.493174061433446978e-04
1.013225255972696222e-04
1.333191126279863528e-04
1.599829351535836193e-05
1.653156996587030699e-04
1.119880546075085369e-04
9.598976109215016483e-05
1.439846416382252676e-04
1.759812286689419847e-04
1.386518771331058102e-04
1.333191126279863528e-04
1.279863481228668955e-04
1.439846416382252676e-04
9.598976109215016483e-05
1.386518771331058102e-04
1.226535836177474381e-04
1.333191126279863528e-04
7.999146757679180628e-05
1.066552901023890796e-04
1.226535836177474381e-04
1.119880546075085369e-04
1.546501706484641552e-04
1.333191126279863528e-04
1.119880546075085369e-04
1.386518771331058102e-04
1.226535836177474381e-04
1.226535836177474381e-04
1.386518771331058102e-04
1.119880546075085369e-04
1.333191126279863528e-04
1.333191126279863528e-04
1.333191126279863528e-04
1.013225255972696222e-04
1.173208191126279807e-04
1.013225255972696222e-04
1.333191126279863528e-04
1.386518771331058102e-04
1.386518771331058102e-04
1.333191126279863528e-04
1.333191126279863528e-04
1.066552901023890796e-04
9.598976109215016483e-05
1.493174061433446978e-04
1.173208191126279807e-04
9.065699658703072102e-05
1.279863481228668955e-04
1.706484641638225273e-04
1.386518771331058102e-04
9.598976109215016483e-05
1.386518771331058102e-04
1.386518771331058102e-04
1.119880546075085369e-04
1.119880546075085369e-04
4.799488054607508241e-05
1.333191126279863528e-04
1.333191126279863528e-04
1.759812286689419847e-04
1.226535836177474381e-04
1.279863481228668955e-04
1.173208191126279807e-04
6.399317406143344774e-05
1.119880546075085369e-04
1.493174061433446978e-04
1.119880546075085369e-04
7.999146757679180628e-05
1.013225255972696222e-04
1.546501706484641552e-04
1.119880546075085369e-04
1.066552901023890796e-04
1.279863481228668955e-04
1.013225255972696222e-04
7.999146757679180628e-05
1.226535836177474381e-04
1.173208191126279807e-04
9.065699658703072102e-05
1.173208191126279807e-04
1.333191126279863528e-04
1.386518771331058102e-04
1.173208191126279807e-04
1.386518771331058102e-04
9.598976109215016483e-05
9.065699658703072102e-05
9.065699658703072102e-05
1.439846416382252676e-04
1.279863481228668955e-04
9.065699658703072102e-05
7.999146757679180628e-05
1.546501706484641552e-04
1.226535836177474381e-04
1.226535836177474381e-04
1.119880546075085369e-04
1.386518771331058102e-04
1.226535836177474381e-04
1.119880546075085369e-04
1.119880546075085369e-04
9.065699658703072102e-05
1.226535836177474381e-04
1.386518771331058102e-04
1.066552901023890796e-04
1.173208191126279807e-04
1.173208191126279807e-04
5.866040955631399037e-05
6.399317406143344774e-05
1.279863481228668955e-04
1.759812286689419847e-04
1.333191126279863528e-04
1.119880546075085369e-04
9.065699658703072102e-05
1.013225255972696222e-04
1.226535836177474381e-04
9.065699658703072102e-05
1.333191126279863528e-04
1.226535836177474381e-04
1.173208191126279807e-04
1.119880546075085369e-04
1.119880546075085369e-04
1.279863481228668955e-04
1.439846416382252676e-04
1.119880546075085369e-04
1.119880546075085369e-04
1.066552901023890796e-04
9.598976109215016483e-05
1.439846416382252676e-04
1.439846416382252676e-04
1.226535836177474381e-04
1.226535836177474381e-04
9.598976109215016483e-05
1.279863481228668955e-04
1.226535836177474381e-04
1.066552901023890796e-04
9.065699658703072102e-05
1.119880546075085369e-04
1.013225255972696222e-04
1.386518771331058102e-04
1.173208191126279807e-04
1.279863481228668955e-04
1.386518771331058102e-04
6.399317406143344774e-05
1.066552901023890796e-04
1.226535836177474381e-04
1.706484641638225273e-04
1.279863481228668955e-04
1.173208191126279807e-04
1.333191126279863528e-04
1.013225255972696222e-04
9.598976109215016483e-05
1.066552901023890796e-04
1.066552901023890796e-04
1.173208191126279807e-04
1.173208191126279807e-04
1.013225255972696222e-04
1.386518771331058102e-04
1.173208191126279807e-04
6.932593856655290510e-05
1.173208191126279807e-04
1.066552901023890796e-04
1.279863481228668955e-04
1.226535836177474381e-04
1.173208191126279807e-04
1.119880546075085369e-04
8.532423208191126365e-05
1.226535836177474381e-04
1.066552901023890796e-04
1.173208191126279807e-04
1.653156996587030699e-04
5.332764505119453978e-05
1.119880546075085369e-04
1.333191126279863528e-04
9.598976109215016483e-05
1.173208191126279807e-04
9.065699658703072102e-05
1.013225255972696222e-04
1.173208191126279807e-04
1.599829351535836126e-04
1.119880546075085369e-04
1.173208191126279807e-04
1.279863481228668955e-04
9.065699658703072102e-05
1.173208191126279807e-04
7.999146757679180628e-05
1.386518771331058102e-04
1.066552901023890796e-04
9.598976109215016483e-05
1.386518771331058102e-04
1.066552901023890796e-04
1.333191126279863528e-04
1.226535836177474381e-04
1.173208191126279807e-04
1.119880546075085369e-04
1.493174061433446978e-04
1.279863481228668955e-04
1.386518771331058102e-04
8.532423208191126365e-05
1.279863481228668955e-04
1.226535836177474381e-04
9.065699658703072102e-05
1.119880546075085369e-04
1.013225255972696222e-04
1.599829351535836126e-04
1.439846416382252676e-04
1.386518771331058102e-04
1.013225255972696222e-04
6.932593856655290510e-05
9.065699658703072102e-05
9.065699658703072102e-05
9.598976109215016483e-05
1.119880546075085369e-04
9.598976109215016483e-05
8.532423208191126365e-05
1.066552901023890796e-04
1.599829351535836126e-04
1.119880546075085369e-04
1.279863481228668955e-04
1.173208191126279807e-04
8.532423208191126365e-05
1.226535836177474381e-04
1.066552901023890796e-04
1.119880546075085369e-04
1.226535836177474381e-04
9.065699658703072102e-05
1.226535836177474381e-04
1.119880546075085369e-04
1.386518771331058102e-04
8.532423208191126365e-05
1.119880546075085369e-04
1.066552901023890796e-04
7.465870307167234892e-05
6.399317406143344774e-05
1.066552901023890796e-04
1.493174061433446978e-04
1.226535836177474381e-04
1.066552901023890796e-04
7.999146757679180628e-05
9.065699658703072102e-05
1.173208191126279807e-04
1.013225255972696222e-04
1.119880546075085369e-04
1.546501706484641552e-04
1.173208191126279807e-04
9.598976109215016483e-05
1.066552901023890796e-04
9.598976109215016483e-05
1.066552901023890796e-04
1.066552901023890796e-04
1.546501706484641552e-04
1.546501706484641552e-04
1.119880546075085369e-04
1.226535836177474381e-04
9.598976109215016483e-05
1.226535836177474381e-04
1.066552901023890796e-04
8.532423208191126365e-05
8.532423208191126365e-05
9.598976109215016483e-05
1.226535836177474381e-04
6.932593856655290510e-05
5.332764505119453978e-06
6.399317406143344774e-05
1.226535836177474381e-04
1.173208191126279807e-04
1.546501706484641552e-04
7.999146757679180628e-05
6.932593856655290510e-05
1.119880546075085369e-04
7.999146757679180628e-05
1.173208191126279807e-04
9.598976109215016483e-05
1.173208191126279807e-04
8.532423208191126365e-05
1.119880546075085369e-04
7.999146757679180628e-05
9.598976109215016483e-05
9.598976109215016483e-05
7.465870307167234892e-05
1.439846416382252676e-04
1.119880546075085369e-04
1.066552901023890796e-04
9.598976109215016483e-05
9.065699658703072102e-05
9.065699658703072102e-05
1.013225255972696222e-04
1.226535836177474381e-04
1.173208191126279807e-04
1.279863481228668955e-04
1.119880546075085369e-04
1.119880546075085369e-04
9.065699658703072102e-05
7.999146757679180628e-05
8.532423208191126365e-05
7.999146757679180628e-05
7.465870307167234892e-05
1.013225255972696222e-04
9.598976109215016483e-05
1.493174061433446978e-04
9.065699658703072102e-05
1.119880546075085369e-04
1.013225255972696222e-04
1.013225255972696222e-04
1.013225255972696222e-04
7.465870307167234892e-05
7.465870307167234892e-05
8.532423208191126365e-05
1.119880546075085369e-04
6.399317406143344774e-05
9.598976109215016483e-05
1.013225255972696222e-04
7.465870307167234892e-05
1.066552901023890796e-04
1.013225255972696222e-04
9.065699658703072102e-05
9.065699658703072102e-05
1.013225255972696222e-04
1.173208191126279807e-04
1.439846416382252676e-04
1.226535836177474381e-04
1.439846416382252676e-04
7.999146757679180628e-05
1.173208191126279807e-04
9.598976109215016483e-05
7.465870307167234892e-05
8.532423208191126365e-05
9.598976109215016483e-05
7.999146757679180628e-05
1.119880546075085369e-04
9.065699658703072102e-05
1.066552901023890796e-04
8.532423208191126365e-05
9.065699658703072102e-05
1.013225255972696222e-04
7.999146757679180628e-05
1.173208191126279807e-04
7.465870307167234892e-05
1.013225255972696222e-04
1.013225255972696222e-04
7.465870307167234892e-05
1.173208191126279807e-04
9.065699658703072102e-05
1.066552901023890796e-04
8.532423208191126365e-05
9.065699658703072102e-05
8.532423208191126365e-05
7.999146757679180628e-05
5.866040955631399037e-05
1.333191126279863528e-04
1.279863481228668955e-04
9.598976109215016483e-05
9.065699658703072102e-05
1.173208191126279807e-04
6.932593856655290510e-05
9.065699658703072102e-05
9.065699658703072102e-05
1.226535836177474381e-04
5.332764505119453978e-05
8.532423208191126365e-05
1.386518771331058102e-04
6.932593856655290510e-05
9.598976109215016483e-05
9.065699658703072102e-05
8.532423208191126365e-05
1.066552901023890796e-04
8.532423208191126365e-05
1.013225255972696222e-04
9.065699658703072102e-05
1.386518771331058102e-04
9.598976109215016483e-05
9.065699658703072102e-05
1.066552901023890796e-04
6.932593856655290510e-05
1.226535836177474381e-04
1.173208191126279807e-04
6.932593856655290510e-05
1.333191126279863528e-04
9.065699658703072102e-05
8.532423208191126365e-05
8.532423208191126365e-05
1.013225255972696222e-04
5.866040955631399037e-05
9.598976109215016483e-05
1.013225255972696222e-04
6.932593856655290510e-05
1.279863481228668955e-04
1.013225255972696222e-04
1.119880546075085369e-04
7.999146757679180628e-05
6.399317406143344774e-05
1.066552901023890796e-04
4.799488054607508241e-05
1.013225255972696222e-04
4.799488054607508241e-05
1.013225255972696222e-04
8.532423208191126365e-05
1.066552901023890796e-04
9.065699658703072102e-05
4.266211604095563182e-05
9.598976109215016483e-05
1.226535836177474381e-04
1.066552901023890796e-04
1.333191126279863528e-04
9.598976109215016483e-05
9.598976109215016483e-05
1.066552901023890796e-04
6.932593856655290510e-05
9.065699658703072102e-05
1.333191126279863528e-04
1.066552901023890796e-04
9.598976109215016483e-05
1.013225255972696222e-04
1.013225255972696222e-04
1.013225255972696222e-04
1.013225255972696222e-04
1.066552901023890796e-04
7.465870307167234892e-05
9.598976109215016483e-05
2.133105802047781591e-05
9.598976109215016483e-05
9.598976109215016483e-05
1.226535836177474381e-04
9.065699658703072102e-05
1.013225255972696222e-04
6.399317406143344774e-05
8.532423208191126365e-05
8.532423208191126365e-05
9.065699658703072102e-05
1.066552901023890796e-04
9.598976109215016483e-05
9.065699658703072102e-05
1.013225255972696222e-04
9.598976109215016483e-05
8.532423208191126365e-05
7.999146757679180628e-05
6.932593856655290510e-05
1.066552901023890796e-04
8.532423208191126365e-05
7.999146757679180628e-05
9.065699658703072102e-05
9.598976109215016483e-05
6.932593856655290510e-05
2.666382252559726989e-05
8.532423208191126365e-05
8.532423208191126365e-05
8.532423208191126365e-05
9.065699658703072102e-05
4.266211604095563182e-05
4.799488054607508241e-05
9.598976109215016483e-05
9.598976109215016483e-05
8.532423208191126365e-05
6.399317406143344774e-05
1.013225255972696222e-04
8.532423208191126365e-05
8.532423208191126365e-05
7.999146757679180628e-05
6.399317406143344774e-05
9.065699658703072102e-05
9.065699658703072102e-05
1.013225255972696222e-04
6.399317406143344774e-05
1.013225255972696222e-04
8.532423208191126365e-05
9.598976109215016483e-05
6.932593856655290510e-05
9.065699658703072102e-05
8.532423208191126365e-05
7.999146757679180628e-05
7.999146757679180628e-05
7.465870307167234892e-05
1.279863481228668955e-04
8.532423208191126365e-05
8.532423208191126365e-05
7.999146757679180628e-05
7.465870307167234892e-05
1.013225255972696222e-04
6.399317406143344774e-05
4.799488054607508241e-05
5.332764505119453978e-06
9.065699658703072102e-05
1.226535836177474381e-04
7.465870307167234892e-05
7.465870307167234892e-05
9.065699658703072102e-05
5.866040955631399037e-05
7.465870307167234892e-05
7.999146757679180628e-05
6.399317406143344774e-05
9.065699658703072102e-05
7.999146757679180628e-05
5.866040955631399037e-05
5.332764505119453978e-05
1.013225255972696222e-04
8.532423208191126365e-05
7.999146757679180628e-05
6.932593856655290510e-05
7.465870307167234892e-05
7.999146757679180628e-05
6.932593856655290510e-05
6.932593856655290510e-05
9.598976109215016483e-05
8.532423208191126365e-05
1.119880546075085369e-04
9.065699658703072102e-05
7.999146757679180628e-05
4.799488054607508241e-05
9.598976109215016483e-05
8.532423208191126365e-05
9.065699658703072102e-05
6.932593856655290510e-05
2.666382252559726989e-05
7.999146757679180628e-05
6.399317406143344774e-05
8.532423208191126365e-05
7.999146757679180628e-05
5.866040955631399037e-05
9.598976109215016483e-05
5.332764505119453978e-05
1.066552901023890796e-04
9.598976109215016483e-05
7.999146757679180628e-05
7.999146757679180628e-05
9.598976109215016483e-05
5.332764505119453978e-05
8.532423208191126365e-05
1.013225255972696222e-04
9.065699658703072102e-05
7.465870307167234892e-05
8.532423208191126365e-05
6.932593856655290510e-05
7.999146757679180628e-05
8.532423208191126365e-05
9.065699658703072102e-05
8.532423208191126365e-05
7.465870307167234892e-05
7.999146757679180628e-05
7.999146757679180628e-05
6.399317406143344774e-05
1.066552901023890796e-04
7.999146757679180628e-05
8.532423208191126365e-05
6.932593856655290510e-05
5.866040955631399037e-05
7.999146757679180628e-05
6.932593856655290510e-05
4.799488054607508241e-05
5.866040955631399037e-05
7.999146757679180628e-05
9.065699658703072102e-05
1.013225255972696222e-04
1.066552901023890796e-04
8.532423208191126365e-05
7.999146757679180628e-05
6.932593856655290510e-05
7.465870307167234892e-05
9.065699658703072102e-05
8.532423208191126365e-05
9.598976109215016483e-05
6.399317406143344774e-05
8.532423208191126365e-05
7.999146757679180628e-05
7.999146757679180628e-05
9.065699658703072102e-05
1.119880546075085369e-04
6.399317406143344774e-05
6.399317406143344774e-05
7.999146757679180628e-05
5.866040955631399037e-05
7.465870307167234892e-05
6.399317406143344774e-05
8.532423208191126365e-05
3.199658703071672387e-05
7.999146757679180628e-05
7.999146757679180628e-05
6.932593856655290510e-05
7.999146757679180628e-05
4.799488054607508241e-05
5.866040955631399037e-05
7.999146757679180628e-05
7.999146757679180628e-05
6.932593856655290510e-05
6.399317406143344774e-05
9.065699658703072102e-05
6.399317406143344774e-05
7.999146757679180628e-05
6.932593856655290510e-05
7.465870307167234892e-05
8.532423208191126365e-05
5.332764505119453978e-05
9.598976109215016483e-05
8.532423208191126365e-05
7.465870307167234892e-05
4.799488054607508241e-05
7.465870307167234892e-05
9.065699658703072102e-05
8.532423208191126365e-05
1.013225255972696222e-04
6.932593856655290510e-05
6.932593856655290510e-05
7.465870307167234892e-05
7.465870307167234892e-05
5.866040955631399037e-05
1.066552901023890796e-04
6.399317406143344774e-05
6.932593856655290510e-05
9.065699658703072102e-05
1.119880546075085369e-04
4.799488054607508241e-05
6.399317406143344774e-05
6.399317406143344774e-05
1.119880546075085369e-04
6.932593856655290510e-05
8.532423208191126365e-05
3.199658703071672387e-05
3.732935153583617446e-05
5.866040955631399037e-05
4.266211604095563182e-05
7.465870307167234892e-05
8.532423208191126365e-05
9.065699658703072102e-05
7.999146757679180628e-05
9.598976109215016483e-05
6.399317406143344774e-05
9.065699658703072102e-05
7.999146757679180628e-05
8.532423208191126365e-05
6.399317406143344774e-05
9.598976109215016483e-05
3.199658703071672387e-05
7.465870307167234892e-05
6.399317406143344774e-05
7.999146757679180628e-05
1.013225255972696222e-04
1.066552901023890796e-04
1.119880546075085369e-04
6.399317406143344774e-05
8.532423208191126365e-05
8.532423208191126365e-05
1.066552901023890796e-04
7.465870307167234892e-05
6.399317406143344774e-05
8.532423208191126365e-05
1.119880546075085369e-04
7.999146757679180628e-05
6.932593856655290510e-05
9.598976109215016483e-05
7.999146757679180628e-05
6.932593856655290510e-05
1.066552901023890796e-04
1.119880546075085369e-04
6.932593856655290510e-05
6.399317406143344774e-05
8.532423208191126365e-05
6.399317406143344774e-05
6.932593856655290510e-05
1.119880546075085369e-04
6.932593856655290510e-05
8.532423208191126365e-05
6.932593856655290510e-05
1.119880546075085369e-04
9.065699658703072102e-05
7.999146757679180628e-05
1.013225255972696222e-04
5.866040955631399037e-05
7.465870307167234892e-05
3.199658703071672387e-05
7.999146757679180628e-05
5.866040955631399037e-05
6.399317406143344774e-05
6.932593856655290510e-05
7.465870307167234892e-05
7.465870307167234892e-05
7.465870307167234892e-05
7.999146757679180628e-05
5.866040955631399037e-05
8.532423208191126365e-05
5.866040955631399037e-05
9.598976109215016483e-05
7.465870307167234892e-05
6.932593856655290510e-05
4.799488054607508241e-05
7.465870307167234892e-05
9.065699658703072102e-05
7.999146757679180628e-05
5.332764505119453978e-05
7.465870307167234892e-05
8.532423208191126365e-05
7.999146757679180628e-05
6.399317406143344774e-05
9.065699658703072102e-05
4.266211604095563182e-05
6.932593856655290510e-05
6.399317406143344774e-05
1.066552901023890796e-04
5.332764505119453978e-05
1.066552901023890796e-04
6.399317406143344774e-05
6.399317406143344774e-05
7.999146757679180628e-05
4.266211604095563182e-05
7.465870307167234892e-05
5.866040955631399037e-05
7.465870307167234892e-05
1.066552901023890796e-04
5.866040955631399037e-05
6.399317406143344774e-05
7.465870307167234892e-05
7.465870307167234892e-05
6.932593856655290510e-05
5.332764505119453978e-05
9.065699658703072102e-05
8.532423208191126365e-05
5.866040955631399037e-05
7.465870307167234892e-05
5.866040955631399037e-05
7.999146757679180628e-05
7.465870307167234892e-05
6.399317406143344774e-05
6.932593856655290510e-05
7.465870307167234892e-05
5.866040955631399037e-05
8.532423208191126365e-05
8.532423208191126365e-05
5.866040955631399037e-05
6.932593856655290510e-05
5.866040955631399037e-05
8.532423208191126365e-05
6.932593856655290510e-05
6.932593856655290510e-05
6.932593856655290510e-05
9.065699658703072102e-05
5.866040955631399037e-05
1.599829351535836193e-05
7.465870307167234892e-05
8.532423208191126365e-05
5.332764505119453978e-05
5.332764505119453978e-05
5.866040955631399037e-05
5.866040955631399037e-05
4.266211604095563182e-05
5.332764505119453978e-05
6.932593856655290510e-05
6.932593856655290510e-05
9.065699658703072102e-05
6.932593856655290510e-05
1.599829351535836193e-05
6.932593856655290510e-05
7.465870307167234892e-05
8.532423208191126365e-05
3.732935153583617446e-05
7.999146757679180628e-05
5.332764505119453978e-05
6.932593856655290510e-05
6.932593856655290510e-05
6.932593856655290510e-05
9.065699658703072102e-05
5.866040955631399037e-05
3.732935153583617446e-05
7.999146757679180628e-05
5.332764505119453978e-05
5.866040955631399037e-05
8.532423208191126365e-05
5.332764505119453978e-05
5.866040955631399037e-05
7.465870307167234892e-05
6.399317406143344774e-05
6.932593856655290510e-05
4.266211604095563182e-05
7.999146757679180628e-05
5.866040955631399037e-05
9.065699658703072102e-05
6.399317406143344774e-05
6.399317406143344774e-05
7.465870307167234892e-05
6.399317406143344774e-05
6.399317406143344774e-05
1.013225255972696222e-04
9.598976109215016483e-05
5.332764505119453978e-05
8.532423208191126365e-05
6.399317406143344774e-05
6.399317406143344774e-05
6.932593856655290510e-05
7.999146757679180628e-05
8.532423208191126365e-05
7.465870307167234892e-05
7.465870307167234892e-05
6.399317406143344774e-05
9.065699658703072102e-05
9.598976109215016483e-05
9.065699658703072102e-05
6.399317406143344774e-05
5.866040955631399037e-05
6.399317406143344774e-05
7.999146757679180628e-05
6.399317406143344774e-05
4.799488054607508241e-05
6.932593856655290510e-05
6.932593856655290510e-05
6.932593856655290510e-05
5.866040955631399037e-05
6.399317406143344774e-05
6.932593856655290510e-05
6.932593856655290510e-05
8.532423208191126365e-05
5.332764505119453978e-05
5.332764505119453978e-05
5.332764505119453978e-05
7.999146757679180628e-05
5.866040955631399037e-05
4.266211604095563182e-05
5.332764505119453978e-05
6.932593856655290510e-05
5.332764505119453978e-05
6.932593856655290510e-05
9.598976109215016483e-05
7.465870307167234892e-05
4.799488054607508241e-05
4.266211604095563182e-05
6.932593856655290510e-05
6.932593856655290510e-05
6.399317406143344774e-05
8.532423208191126365e-05
7.999146757679180628e-05
6.932593856655290510e-05
5.866040955631399037e-05
4.799488054607508241e-05
7.465870307167234892e-05
6.399317406143344774e-05
6.399317406143344774e-05
6.399317406143344774e-05
7.465870307167234892e-05
5.866040955631399037e-05
6.399317406143344774e-05
6.399317406143344774e-05
6.399317406143344774e-05
6.932593856655290510e-05
9.598976109215016483e-05
6.399317406143344774e-05
4.799488054607508241e-05
6.932593856655290510e-05
6.932593856655290510e-05
5.332764505119453978e-05
6.932593856655290510e-05
6.399317406143344774e-05
5.866040955631399037e-05
6.399317406143344774e-05
5.332764505119453978e-05
2.666382252559726989e-05
6.399317406143344774e-05
5.866040955631399037e-05
6.932593856655290510e-05
2.666382252559726989e-05
6.399317406143344774e-05
6.399317406143344774e-05
6.932593856655290510e-05
7.999146757679180628e-05
6.932593856655290510e-05
4.799488054607508241e-05
5.866040955631399037e-05
3.732935153583617446e-05
2.133105802047781591e-05
9.598976109215016483e-05
5.332764505119453978e-05
6.399317406143344774e-05
6.399317406143344774e-05
6.399317406143344774e-05
7.999146757679180628e-05
6.399317406143344774e-05
8.532423208191126365e-05
6.399317406143344774e-05
7.999146757679180628e-05
6.932593856655290510e-05
7.465870307167234892e-05
5.866040955631399037e-05
5.866040955631399037e-05
6.399317406143344774e-05
5.866040955631399037e-05
4.799488054607508241e-05
7.999146757679180628e-05
4.266211604095563182e-05
4.266211604095563182e-05
4.799488054607508241e-05
6.399317406143344774e-05
5.332764505119453978e-05
6.932593856655290510e-05
7.999146757679180628e-05
5.866040955631399037e-05
6.399317406143344774e-05
4.799488054607508241e-05
8.532423208191126365e-05
6.399317406143344774e-05
5.332764505119453978e-05
4.799488054607508241e-05
6.399317406143344774e-05
5.866040955631399037e-05
6.399317406143344774e-05
6.399317406143344774e-05
6.399317406143344774e-05
5.332764505119453978e-05
6.399317406143344774e-05
6.399317406143344774e-05
6.932593856655290510e-05
6.399317406143344774e-05
6.399317406143344774e-05
7.999146757679180628e-05
7.465870307167234892e-05
9.065699658703072102e-05
6.932593856655290510e-05
4.266211604095563182e-05
9.065699658703072102e-05
3.732935153583617446e-05
7.465870307167234892e-05
5.332764505119453978e-05
9.065699658703072102e-05
4.799488054607508241e-05
6.932593856655290510e-05
6.399317406143344774e-05
6.932593856655290510e-05
5.866040955631399037e-05
5.866040955631399037e-05
4.799488054607508241e-05
5.866040955631399037e-05
5.332764505119453978e-05
4.799488054607508241e-05
1.066552901023890796e-05
5.866040955631399037e-05
5.332764505119453978e-05
5.866040955631399037e-05
7.999146757679180628e-05
5.332764505119453978e-05
4.799488054607508241e-05
6.399317406143344774e-05
9.065699658703072102e-05
6.932593856655290510e-05
7.465870307167234892e-05
6.932593856655290510e-05
6.399317406143344774e-05
1.599829351535836193e-05
7.465870307167234892e-05
6.932593856655290510e-05
5.866040955631399037e-05
4.799488054607508241e-05
6.932593856655290510e-05
4.799488054607508241e-05
5.332764505119453978e-05
6.932593856655290510e-05
6.399317406143344774e-05
5.866040955631399037e-05
5.866040955631399037e-05
3.732935153583617446e-05
8.532423208191126365e-05
5.332764505119453978e-05
9.065699658703072102e-05
9.065699658703072102e-05
7.465870307167234892e-05
3.199658703071672387e-05
4.799488054607508241e-05
5.332764505119453978e-05
4.799488054607508241e-05
6.932593856655290510e-05
4.799488054607508241e-05
5.332764505119453978e-05
4.266211604095563182e-05
5.866040955631399037e-05
4.799488054607508241e-05
3.732935153583617446e-05
9.065699658703072102e-05
4.799488054607508241e-05
7.465870307167234892e-05
4.799488054607508241e-05
5.866040955631399037e-05
9.065699658703072102e-05
6.399317406143344774e-05
6.399317406143344774e-05
5.866040955631399037e-05
6.399317406143344774e-05
4.266211604095563182e-05
5.332764505119453978e-05
2.666382252559726989e-05
4.266211604095563182e-05
5.866040955631399037e-05
3.732935153583617446e-05
5.332764505119453978e-05
4.799488054607508241e-05
6.932593856655290510e-05
3.199658703071672387e-05
5.866040955631399037e-05
4.799488054607508241e-05
6.399317406143344774e-05
5.866040955631399037e-05
7.999146757679180628e-05
6.399317406143344774e-05
5.866040955631399037e-05
6.399317406143344774e-05
5.332764505119453978e-05
4.799488054607508241e-05
4.266211604095563182e-05
3.199658703071672387e-05
6.932593856655290510e-05
2.666382252559726989e-05
6.932593856655290510e-05
5.866040955631399037e-05
6.399317406143344774e-05
5.332764505119453978e-05
7.999146757679180628e-05
5.866040955631399037e-05
3.199658703071672387e-05
7.465870307167234892e-05
5.866040955631399037e-05
3.732935153583617446e-05
6.399317406143344774e-05
8.532423208191126365e-05
7.465870307167234892e-05
4.799488054607508241e-05
6.932593856655290510e-05
6.399317406143344774e-05
6.932593856655290510e-05
8.532423208191126365e-05
6.932593856655290510e-05
6.932593856655290510e-05
7.999146757679180628e-05
4.266211604095563182e-05
4.799488054607508241e-05
5.332764505119453978e-05
5.332764505119453978e-05
5.866040955631399037e-05
6.399317406143344774e-05
8.532423208191126365e-05
3.199658703071672387e-05
7.999146757679180628e-05
4.799488054607508241e-05
6.399317406143344774e-05
3.732935153583617446e-05
