2.472091471442226102e-02
4.229111435733737094e-03
1.857562805460873882e-03
2.930620930945553601e-04
1.559992064780248502e-03
9.215675665927248669e-03
7.263431261158902544e-03
1.050514887554329299e-03
1.059532182726469337e-03
7.799960323901242512e-04
7.240888023228552774e-03
9.828851737632780371e-04
1.569009359952388757e-03
8.431170985951053857e-04
7.723313314938051212e-03
3.661021839888907101e-03
2.033400061317607119e-03
1.166837995274937374e-02
4.314775739869068649e-03
5.599740301899041976e-03
1.695251492362351026e-03
6.988403758408628236e-04
1.442767227542426272e-03
4.729571317787516042e-03
1.451784522714566527e-03
5.031650706054211983e-03
1.744846615809121995e-03
1.429241284784216106e-03
2.092012479936518343e-03
5.843207271546827127e-03
3.322873270933650574e-03
1.073058125484679720e-03
1.871088748219084264e-03
1.384154808923515265e-03
1.077566773070749630e-03
5.757542967411495571e-03
3.025302530253025195e-03
3.367959746794351415e-03
1.956753052354415819e-03
1.284964562029973544e-03
1.145196486861800892e-03
2.064960594420097578e-03
2.001839528215116661e-03
5.964940756370718834e-03
4.418474634348681040e-04
1.487853703403127167e-04
2.930620930945553601e-04
1.789933091669822620e-03
2.416635106133564054e-03
8.025392703204746719e-04
7.304009089433533908e-04
6.420314162563797375e-03
7.078576710130029702e-04
3.584374830925715367e-03
1.546466122022038337e-03
8.431170985951053857e-04
3.782755324712799242e-03
1.167739724792151313e-03
2.299410268895741986e-04
1.095601363415029924e-03
1.587043950296669051e-03
1.704268787534491065e-03
1.167739724792151313e-03
8.160652130786849459e-04
5.275117675701996049e-04
1.830510919944453550e-03
1.519414236505617789e-03
1.695251492362351026e-03
2.240797850276830816e-03
1.442767227542426272e-03
1.221843495824992409e-03
1.415715342026005940e-03
2.479756172338545405e-03
2.881025807498782849e-03
4.328301682627279032e-04
2.515825353027105991e-03
2.028891413731537046e-04
4.283215206766578299e-04
3.381485689552562015e-04
6.988403758408628236e-04
4.508647586070082505e-04
3.313855975761510753e-03
1.546466122022038337e-03
3.174087900593338101e-03
1.487853703403127113e-03
1.154213782033941147e-03
2.330970801998232499e-03
1.352594275821024806e-03
9.919024689354181566e-05
7.168749661851431167e-04
3.413046222655052257e-03
2.281375678551461530e-03
3.742177496438168528e-03
3.106458186802286622e-03
9.377986979025771958e-04
8.160652130786849459e-04
3.841367743331710032e-03
2.119064365452938783e-04
4.012696351602373359e-04
2.479756172338545188e-04
9.828851737632780371e-04
1.884614690977294430e-03
6.808057854965824220e-04
2.362531335100723391e-03
2.840447979224152136e-04
9.017295172140165011e-04
6.808057854965824220e-04
1.302999152374253837e-03
6.267020144637414341e-04
6.041587765333910134e-04
3.832350448159569886e-04
5.275117675701996049e-04
2.344496744756442990e-04
2.479756172338545188e-04
3.201139786109758541e-04
6.221933668776714150e-04
5.590723006726901721e-04
1.650165016501650185e-03
5.275117675701996049e-04
1.758372558567332161e-03
4.102869303323774825e-04
1.208317553066782027e-03
1.348085628234954678e-03
2.073977889592237779e-04
5.861241861891107203e-04
3.043337120597305705e-03
1.487853703403127167e-04
1.487853703403127167e-04
1.663690959259860351e-03
7.935219751483345253e-04
1.983804937870836313e-04
5.680895958448304271e-04
2.434669696477844455e-04
1.384154808923515265e-03
1.956753052354415819e-03
1.618604483399159509e-03
1.983804937870836151e-03
5.320204151562697324e-04
6.221933668776714150e-04
3.507727821962524067e-03
5.230031199841295858e-04
4.305758444696928394e-03
1.677216902018070733e-03
3.110966834388357075e-04
1.046006239968259172e-03
1.505888293747407623e-03
1.185774315136431606e-03
2.073977889592237779e-04
1.623113130985229637e-04
2.817904741293801498e-03
6.492452523940918548e-04
2.475247524752475278e-03
1.271438619271763161e-03
2.975707406806254334e-04
2.064960594420097578e-03
2.660102075781348662e-04
2.615015599920647929e-04
1.447275875128496399e-03
6.853144330826525495e-04
9.783765261772079096e-04
5.275117675701996049e-04
1.235369438583202575e-03
3.426572165413262747e-04
4.012696351602373359e-04
1.257912676513552996e-03
7.980306227344045444e-04
2.705188551642049395e-05
1.109127306173240306e-03
1.140687839275730765e-03
3.697091020577467687e-04
3.088423596458006546e-03
2.254323793035041253e-04
6.762971379105124029e-04
4.959512344677090376e-04
1.104618658587170179e-03
4.463561110209381773e-04
1.109127306173240306e-03
1.339068333062814423e-03
1.158722429620011275e-03
8.025392703204746719e-04
3.606918068856065679e-04
1.564500712366318630e-03
1.009937059279698368e-03
9.558332882468574890e-04
8.882035744558062270e-04
2.705188551642049395e-05
2.524842648199245921e-04
1.280455914443903416e-03
3.381485689552562015e-04
3.345416508864001211e-03
1.938718462010135309e-04
5.139858248119894392e-04
4.643907013652184704e-04
2.673628018539558719e-03
1.068549477898609592e-03
4.553734061930783238e-04
2.006348175801186788e-03
1.046006239968259172e-03
1.262421324099623123e-03
1.217334848238922228e-04
6.672798427383721479e-04
5.455463579144800065e-04
2.164150841313639516e-04
6.086674241194611409e-04
1.036988944796118890e-04
2.569929124059947196e-04
1.203808905480711899e-03
2.299410268895741986e-04
5.861241861891107474e-05
6.267020144637414341e-04
3.823333152987429956e-03
3.652004544716766954e-04
9.242727551443669217e-04
1.555483417194178375e-03
5.816155386030405928e-04
2.569929124059947196e-04
2.840447979224152136e-04
1.866580100633014137e-03
3.742177496438168420e-04
1.194791610308571861e-03
8.927122220418763545e-04
9.648505834189976356e-04
1.257912676513552996e-03
7.168749661851431167e-04
1.875597395805154392e-03
6.943317282547926961e-04
1.370628866165305099e-03
5.049685296398491842e-04
1.307507799960323965e-04
9.197641075582967942e-04
5.725982434309004462e-04
1.064040830312539465e-03
8.476257461811755132e-04
7.078576710130029702e-04
6.988403758408628236e-04
4.283215206766578299e-04
1.451784522714566527e-03
1.046006239968259172e-03
1.848545510288733843e-03
6.717884903244422754e-04
2.119064365452938783e-04
8.972208696279463736e-04
4.779166441234287445e-04
4.959512344677090376e-04
3.426572165413262747e-04
9.468159930747172882e-05
1.803459034428033043e-05
1.203808905480711899e-03
5.861241861891107203e-04
5.275117675701996049e-04
7.664700896319139771e-04
3.151544662662987464e-03
4.508647586070082607e-06
4.508647586070082099e-05
6.627711951523021288e-04
5.635809482587602996e-04
9.558332882468574890e-04
3.967609875741672626e-04
7.168749661851431167e-04
1.397680751681725430e-04
6.221933668776714150e-04
4.147955779184475558e-04
1.744846615809121995e-03
8.115565654926148184e-04
1.848545510288733843e-04
3.156053310249057401e-05
5.410377103284098790e-04
2.069469242006167706e-03
5.004598820537791651e-04
1.402189399267795558e-03
2.840447979224152136e-04
5.230031199841295858e-04
1.005428411693628458e-03
8.566430413533156598e-04
4.959512344677090783e-05
6.762971379105123487e-05
1.744846615809121995e-03
7.258922613572832633e-04
4.914425868816390186e-04
3.877436924020270619e-04
3.029811177839095322e-03
2.434669696477844455e-04
7.439268517015635565e-04
1.073058125484679720e-03
1.898140633735504595e-03
1.821493624772313295e-03
9.873938213493479478e-04
2.042417356489747374e-03
3.877436924020270619e-04
3.606918068856065679e-04
2.569929124059947196e-04
5.365290627423398599e-04
1.059532182726469337e-03
1.632130426157369892e-03
8.566430413533156869e-05
2.010856823387256916e-03
8.386084510090353666e-04
1.893631986149434576e-04
1.352594275821024697e-04
8.070479179065447994e-04
9.919024689354181566e-05
6.357193096358815807e-04
4.869339392955688911e-04
7.709787372179841046e-04
2.479756172338545188e-04
1.131670544103590727e-03
1.131670544103590727e-03
9.693592310050677631e-04
8.566430413533156869e-05
3.742177496438168420e-04
6.627711951523021288e-04
1.230860790997132448e-03
6.267020144637414341e-04
2.263341088207181453e-03
2.164150841313639516e-04
3.110966834388357075e-04
5.144366895705964303e-03
4.508647586070082099e-05
2.840447979224152136e-04
4.598820537791483971e-04
1.199300257894641989e-03
9.919024689354180753e-04
6.402279572219517082e-04
8.882035744558062270e-04
9.513246406607873615e-04
1.307507799960323965e-04
4.698010784685026017e-03
1.208317553066782027e-03
1.352594275821024697e-05
1.393172104095655520e-03
6.447366048080218357e-04
7.213836137712132171e-05
6.582625475662320013e-04
1.158722429620011275e-03
5.410377103284098790e-04
1.857562805460873882e-03
4.418474634348681040e-04
1.352594275821024697e-05
4.057782827463074092e-04
9.287814027304369408e-04
1.740337968223051868e-03
1.005428411693628458e-03
1.095601363415029924e-03
6.717884903244422754e-04
4.959512344677090783e-05
5.861241861891107203e-04
5.680895958448304271e-04
3.787263972298869153e-04
2.660102075781348662e-04
6.627711951523021288e-04
2.209237317174340520e-04
8.611516889393857873e-04
8.611516889393857873e-04
8.025392703204746719e-04
2.569929124059947196e-04
5.590723006726901721e-04
8.115565654926148184e-04
4.102869303323774825e-04
9.152554599722267752e-04
2.389583220617143722e-03
3.065880358527655800e-04
3.967609875741672626e-04
9.919024689354181566e-05
1.302999152374253837e-03
6.627711951523021288e-04
4.269689264008368242e-03
6.086674241194611409e-04
5.230031199841295858e-04
1.352594275821024697e-04
2.267849735793251581e-03
1.113635953759310434e-03
3.742177496438168420e-04
4.193042255045176833e-04
9.648505834189976356e-04
5.410377103284098790e-04
4.508647586070082607e-06
9.017295172140165214e-06
1.226352143411062320e-03
1.262421324099622961e-04
2.885534455084852869e-04
6.988403758408628236e-04
8.070479179065447994e-04
1.091092715828960013e-03
3.561831592995364946e-04
4.508647586070082607e-06
4.508647586070082607e-06
1.397680751681725647e-03
1.740337968223051868e-03
3.742177496438168420e-04
4.057782827463074092e-04
1.172248372378221495e-04
2.948655521289833895e-03
1.397680751681725647e-03
4.508647586070082505e-04
1.771898501325542327e-03
9.513246406607873615e-04
1.000919764107558330e-03
1.023463002037908751e-03
3.246226261970459274e-04
9.242727551443669217e-04
7.845046799761943787e-04
1.997330880629046533e-03
1.127161896517520626e-04
9.152554599722267752e-04
1.510396941333477534e-03
7.033490234269328427e-04
2.389583220617143722e-04
6.041587765333910134e-04
1.803459034428032840e-04
4.508647586070082607e-06
7.484354992876336840e-04
7.484354992876336840e-04
3.606918068856065679e-04
2.885534455084852869e-04
8.611516889393857873e-04
3.020793882666955067e-04
5.771068910169705737e-04
9.017295172140165214e-06
2.119064365452938783e-04
8.566430413533156598e-04
3.264260852314739784e-03
6.808057854965824220e-04
8.927122220418763545e-04
3.742177496438168420e-04
1.330051037890674385e-03
4.238128730905877566e-04
2.975707406806254334e-04
5.861241861891107474e-05
9.332900503165070683e-04
1.397680751681725430e-04
1.573518007538458668e-03
2.795361503363450861e-04
1.623113130985229637e-04
1.163231077206081186e-03
5.004598820537791651e-04
5.365290627423398599e-04
4.688993489512885979e-04
3.246226261970459274e-04
4.328301682627279032e-04
1.893631986149434576e-04
9.107468123861566477e-04
9.738678785911377821e-04
1.501379646161337495e-03
7.890133275622643978e-04
7.213836137712132171e-05
5.816155386030405928e-04
1.794441739255892747e-03
1.641147721329509930e-03
2.714205846814189433e-03
3.922523399880971894e-04
7.574527944597738306e-04
5.635809482587602996e-04
6.627711951523021288e-04
2.209237317174340520e-04
6.312106620498114803e-05
3.606918068856066086e-05
1.140687839275730765e-03
1.582535302710598923e-03
2.569929124059947196e-04
6.672798427383721479e-04
4.959512344677090783e-05
2.299410268895741986e-04
9.017295172140165011e-04
4.508647586070082099e-05
3.345416508864001211e-03
6.176847192916012875e-04
1.262421324099623123e-03
3.922523399880971894e-04
1.438258579956356361e-03
5.861241861891107474e-05
1.284964562029973544e-03
6.492452523940918548e-04
6.402279572219517082e-04
1.424732637198145978e-03
5.184944723980594583e-04
2.209237317174340520e-04
1.803459034428033043e-05
8.521343937672455323e-04
4.598820537791483971e-04
6.041587765333910134e-04
7.258922613572832633e-04
2.254323793035041253e-04
2.479756172338545188e-04
4.508647586070082099e-05
4.914425868816390186e-04
7.890133275622643978e-04
7.529441468737038115e-04
2.885534455084852869e-04
6.988403758408628236e-04
1.893631986149434576e-04
7.574527944597738306e-04
1.853054157874803971e-03
7.799960323901242512e-04
1.086584068242889885e-03
1.036988944796118890e-04
3.201139786109758541e-04
6.357193096358815807e-04
1.149705134447871020e-03
3.156053310249057401e-05
2.028891413731537046e-04
1.009937059279698368e-03
4.193042255045176833e-04
3.922523399880971894e-04
8.791862792836660804e-04
2.975707406806254334e-04
7.213836137712132171e-05
5.184944723980594583e-04
1.352594275821024806e-03
2.705188551642049395e-05
1.758372558567332107e-04
1.262421324099622961e-04
9.062381648000865202e-04
3.201139786109758541e-04
4.643907013652184704e-04
5.139858248119894392e-04
3.336399213691860740e-04
2.705188551642049395e-04
6.131760717055311600e-04
4.508647586070082099e-05
2.569929124059947196e-04
4.463561110209381773e-04
1.758372558567332107e-04
1.713286082706631374e-04
2.660102075781348662e-04
5.410377103284098790e-05
8.250825082508250925e-04
4.598820537791483971e-04
9.603419358329275081e-04
1.036988944796118890e-04
1.339068333062814423e-03
6.537538999801619823e-04
9.017295172140165214e-06
5.680895958448304271e-04
6.988403758408628236e-04
2.105538422694728292e-03
2.209237317174340520e-04
4.102869303323774825e-04
1.893631986149434576e-04
2.885534455084852869e-04
9.693592310050677631e-04
5.455463579144800065e-04
1.442767227542426434e-04
9.017295172140165214e-06
2.344496744756442990e-04
5.275117675701996049e-04
1.920683871665855016e-03
6.898230806687225686e-04
3.020793882666955067e-04
2.434669696477844455e-04
7.394182041154935374e-04
1.938718462010135309e-04
2.750275027502750128e-04
3.156053310249057401e-05
2.101029775108658598e-03
2.137098955797219185e-03
8.386084510090353666e-04
2.119064365452938783e-04
4.914425868816390186e-04
1.145196486861800892e-03
1.352594275821024697e-05
2.660102075781348662e-04
1.122653248931450472e-03
3.516745117134664213e-04
2.930620930945553601e-04
1.632130426157369892e-03
4.508647586070082505e-04
5.996501289473209944e-04
4.959512344677090783e-05
2.569929124059947196e-04
1.938718462010135309e-04
1.983804937870836313e-04
4.508647586070082607e-06
4.959512344677090376e-04
4.508647586070082607e-06
4.824252917094988178e-04
4.057782827463074092e-04
4.102869303323774825e-04
1.442767227542426434e-04
2.569929124059947196e-04
2.425652401305704309e-03
2.254323793035041049e-05
2.209237317174340520e-04
4.508647586070082607e-06
6.402279572219517082e-04
3.219174376454038942e-03
1.036988944796118890e-04
3.471658641273963480e-04
2.073977889592237779e-04
1.456293170300636654e-03
6.943317282547926961e-04
1.172248372378221495e-04
9.062381648000865202e-04
3.110966834388357075e-04
2.975707406806254334e-04
4.012696351602373359e-04
7.799960323901242512e-04
3.020793882666955067e-04
1.402189399267795558e-03
9.468159930747172882e-05
1.803459034428032840e-04
7.980306227344045444e-04
1.487853703403127167e-04
1.442767227542426434e-04
5.455463579144800065e-04
4.869339392955688911e-04
3.336399213691860740e-04
6.176847192916012875e-04
6.762971379105123487e-05
4.508647586070082607e-06
1.983804937870836313e-04
3.381485689552561798e-03
2.209237317174340520e-04
4.508647586070082607e-06
1.803459034428033043e-05
3.832350448159569886e-04
3.065880358527655800e-04
3.832350448159569886e-04
1.352594275821024697e-05
3.652004544716766954e-04
5.004598820537791651e-04
2.930620930945553601e-04
3.246226261970459274e-04
1.217334848238922228e-04
4.057782827463074092e-04
2.615015599920647929e-04
3.110966834388357075e-04
3.291312737831160007e-04
9.468159930747172882e-05
1.803459034428032840e-04
4.057782827463074092e-05
2.642067485437068260e-03
3.065880358527655800e-04
7.123663185990729892e-04
3.156053310249057401e-05
1.217334848238922228e-04
4.508647586070082607e-06
1.487853703403127167e-04
2.254323793035041049e-05
3.065880358527655800e-04
6.221933668776714150e-04
6.762971379105124029e-04
9.332900503165070683e-04
8.521343937672455323e-04
4.238128730905877566e-04
9.197641075582967942e-04
8.115565654926148184e-05
9.468159930747172882e-05
1.127161896517520626e-04
4.688993489512885979e-04
9.017295172140164198e-05
8.521343937672455323e-04
5.590723006726901721e-04
1.262421324099622961e-04
4.508647586070082099e-05
3.020793882666955067e-04
2.028891413731537046e-04
2.705188551642049395e-05
6.402279572219517082e-04
3.516745117134664213e-04
4.012696351602373359e-04
3.652004544716766954e-04
3.020793882666955067e-04
4.553734061930783238e-04
1.713286082706631374e-04
2.073977889592237779e-04
3.065880358527655800e-04
1.172248372378221495e-04
3.110966834388357075e-04
2.119064365452938783e-04
2.389583220617143722e-04
5.094771772259193117e-04
8.927122220418763545e-04
5.861241861891107203e-04
1.082075420656819758e-04
7.168749661851431167e-04
9.152554599722267752e-04
4.508647586070082607e-06
2.299410268895741986e-04
4.779166441234287445e-04
2.750275027502750128e-04
1.172248372378221495e-04
2.705188551642049395e-05
6.402279572219517082e-04
4.508647586070082505e-04
1.014445706865768496e-03
1.009937059279698368e-03
2.434669696477844455e-04
4.553734061930783238e-04
3.201139786109758541e-04
9.017295172140165011e-04
2.164150841313639516e-04
1.532940179263827900e-04
2.705188551642049395e-05
1.352594275821024697e-04
9.558332882468574890e-04
1.803459034428032840e-04
6.853144330826525495e-04
4.193042255045176833e-04
9.017295172140164198e-05
8.476257461811755132e-04
3.877436924020270619e-04
1.127161896517520626e-04
1.262421324099622961e-04
2.705188551642049395e-05
5.500550055005500255e-04
8.250825082508250925e-04
2.660102075781348662e-04
2.254323793035041253e-04
4.508647586070082607e-06
9.873938213493479478e-04
1.641147721329509930e-03
2.930620930945553601e-04
3.336399213691860740e-04
1.578026655124528904e-04
6.943317282547926961e-04
1.442767227542426434e-04
5.004598820537791651e-04
2.840447979224152136e-04
3.516745117134664213e-04
8.566430413533156869e-05
1.803459034428032840e-04
3.967609875741672626e-04
4.057782827463074092e-04
1.127161896517520626e-04
6.221933668776714150e-04
1.262421324099622961e-04
7.213836137712132171e-05
3.336399213691860740e-04
7.484354992876336840e-04
7.890133275622643978e-04
2.615015599920647929e-04
4.283215206766578624e-03
4.688993489512885979e-04
3.426572165413262747e-04
7.213836137712132171e-05
3.426572165413262747e-04
3.381485689552562015e-04
4.508647586070082505e-04
8.701689841115259338e-04
3.742177496438168420e-04
2.795361503363450861e-04
3.742177496438168420e-04
4.643907013652184704e-04
4.959512344677090783e-05
4.147955779184475558e-04
2.750275027502750128e-04
4.328301682627279032e-04
4.057782827463074092e-04
1.217334848238922228e-04
6.762971379105123487e-05
3.697091020577467687e-04
1.686234197190210771e-03
1.284964562029973544e-03
2.434669696477844455e-04
3.967609875741672626e-04
5.275117675701996049e-04
5.545636530866201530e-04
5.906328337751808478e-04
4.057782827463074092e-04
3.426572165413262747e-04
5.816155386030405928e-04
3.471658641273963480e-04
2.524842648199245921e-04
5.996501289473209944e-04
5.049685296398491842e-04
7.213836137712132171e-05
1.487853703403127167e-04
1.217334848238922228e-04
2.254323793035041253e-04
7.664700896319139771e-04
4.057782827463074092e-05
2.164150841313639516e-04
1.352594275821024697e-05
6.312106620498114803e-05
5.320204151562697324e-04
2.975707406806254334e-04
5.275117675701996049e-04
9.017295172140165214e-06
6.131760717055311600e-04
1.009937059279698368e-03
3.877436924020270619e-04
9.513246406607873615e-04
3.246226261970459274e-04
7.213836137712132171e-05
9.017295172140165214e-06
3.020793882666955067e-04
1.983804937870836313e-04
9.919024689354181566e-05
2.872008512326642594e-03
4.102869303323774825e-04
9.919024689354181566e-05
5.725982434309004462e-04
2.795361503363450861e-04
6.492452523940918548e-04
4.328301682627279032e-04
3.156053310249057401e-05
1.983804937870836313e-04
5.410377103284098790e-05
2.930620930945553601e-04
5.410377103284098790e-05
1.352594275821024697e-05
1.938718462010135309e-04
1.172248372378221495e-04
4.012696351602373359e-04
1.352594275821024697e-05
4.643907013652184704e-04
2.479756172338545188e-04
1.713286082706631374e-04
6.988403758408628236e-04
4.238128730905877566e-04
1.803459034428033043e-05
5.771068910169705737e-04
1.036988944796118890e-04
3.426572165413262747e-04
9.017295172140165214e-06
2.930620930945553601e-04
7.078576710130029702e-04
1.217334848238922228e-04
2.434669696477844455e-04
7.664700896319139500e-05
2.254323793035041049e-05
1.262421324099622961e-04
3.156053310249057401e-05
1.307507799960323965e-04
4.508647586070082607e-06
6.762971379105123487e-05
5.410377103284098790e-05
6.762971379105123487e-05
2.254323793035041253e-04
9.919024689354181566e-05
1.172248372378221495e-04
2.705188551642049395e-04
2.119064365452938783e-04
3.426572165413262747e-04
2.660102075781348662e-04
1.713286082706631374e-04
2.254323793035041049e-05
4.283215206766578299e-04
1.082075420656819758e-04
1.082075420656819758e-04
9.017295172140165214e-06
6.582625475662320013e-04
4.193042255045176833e-04
3.787263972298869153e-04
4.508647586070082099e-05
2.344496744756442990e-04
2.344496744756442990e-04
9.017295172140164198e-05
9.017295172140165214e-06
3.967609875741672626e-04
2.344496744756442990e-04
4.508647586070082607e-06
5.680895958448304271e-04
7.213836137712132171e-05
1.532940179263827900e-04
3.156053310249057401e-05
8.115565654926148184e-05
1.803459034428033043e-05
6.762971379105123487e-05
2.434669696477844455e-04
1.983804937870836313e-04
2.975707406806254334e-04
5.861241861891107474e-05
3.156053310249057401e-05
2.975707406806254334e-04
6.221933668776714150e-04
2.479756172338545188e-04
4.508647586070082607e-06
1.983804937870836313e-04
5.004598820537791651e-04
7.213836137712132171e-05
4.102869303323774825e-04
1.803459034428033043e-05
3.110966834388357075e-04
9.017295172140165214e-06
2.975707406806254334e-04
2.705188551642049395e-04
5.139858248119894392e-04
8.836949268697362079e-04
2.344496744756442990e-04
2.254323793035041253e-04
9.919024689354181566e-05
4.824252917094988178e-04
8.566430413533156869e-05
2.596981009576367419e-03
2.267849735793251581e-03
2.615015599920647929e-04
6.312106620498114803e-05
1.217334848238922228e-04
3.606918068856066086e-05
3.877436924020270619e-04
1.758372558567332107e-04
1.163231077206081186e-03
2.615015599920647929e-04
7.033490234269328427e-04
9.468159930747172882e-05
2.615015599920647929e-04
1.352594275821024697e-05
2.344496744756442990e-04
6.898230806687225686e-04
1.803459034428032840e-04
3.606918068856066086e-05
1.127161896517520626e-04
9.919024689354181566e-05
1.352594275821024697e-04
9.693592310050677631e-04
2.254323793035041049e-05
5.410377103284098790e-05
2.254323793035041049e-05
4.508647586070082505e-04
9.468159930747172882e-05
1.352594275821024697e-05
1.578026655124528904e-04
1.803459034428033043e-05
8.340998034229652391e-04
5.861241861891107474e-05
2.705188551642049395e-05
2.254323793035041049e-05
1.938718462010135309e-04
9.919024689354181566e-05
2.254323793035041049e-05
4.328301682627279032e-04
2.254323793035041049e-05
3.787263972298869153e-04
4.508647586070082607e-06
5.410377103284098790e-04
2.524842648199245921e-04
4.508647586070082099e-05
1.758372558567332107e-04
8.295911558368951116e-04
9.017295172140165214e-06
2.975707406806254334e-04
1.713286082706631374e-04
6.762971379105123487e-05
1.262421324099622961e-04
3.110966834388357075e-04
5.680895958448304271e-04
1.758372558567332107e-04
4.057782827463074092e-05
2.795361503363450861e-04
4.508647586070082099e-05
2.705188551642049395e-05
1.082075420656819758e-04
9.017295172140165214e-06
2.705188551642049395e-05
1.803459034428033043e-05
3.561831592995364946e-04
1.532940179263827900e-04
1.992822233042976406e-03
2.254323793035041049e-05
3.742177496438168420e-04
5.410377103284098790e-05
1.352594275821024697e-05
1.442767227542426434e-04
1.352594275821024697e-05
6.041587765333910134e-04
1.496870998575267368e-03
5.410377103284098790e-05
4.508647586070082607e-06
3.606918068856065679e-04
1.397680751681725430e-04
5.725982434309004462e-04
2.885534455084852869e-04
2.705188551642049395e-05
3.606918068856066086e-05
9.017295172140165214e-06
1.262421324099622961e-04
2.344496744756442990e-04
2.975707406806254334e-04
2.705188551642049395e-05
4.147955779184475558e-04
4.508647586070082607e-06
2.073977889592237779e-04
9.919024689354181566e-05
1.438258579956356361e-03
7.664700896319139500e-05
1.623113130985229637e-04
8.566430413533156869e-05
1.938718462010135309e-04
1.023463002037908751e-03
4.193042255045176833e-04
2.840447979224152136e-04
5.861241861891107474e-05
3.832350448159569886e-04
7.664700896319139500e-05
1.938718462010135309e-04
1.352594275821024697e-05
3.291312737831160007e-04
2.209237317174340520e-04
2.073977889592237779e-04
5.455463579144800065e-04
9.919024689354181566e-05
2.209237317174340520e-04
1.803459034428033043e-05
1.307507799960323965e-04
7.845046799761943787e-04
4.508647586070082607e-06
1.122653248931450472e-03
2.073977889592237779e-04
9.919024689354181566e-05
3.877436924020270619e-04
2.840447979224152136e-04
4.057782827463074092e-05
9.377986979025771958e-04
1.803459034428032840e-04
3.606918068856065679e-04
6.041587765333910134e-04
2.705188551642049395e-05
2.479756172338545188e-04
1.623113130985229637e-04
5.455463579144800065e-04
5.996501289473209944e-04
4.373388158487979765e-04
4.914425868816390186e-04
4.373388158487979765e-04
1.893631986149434576e-04
5.861241861891107474e-05
3.020793882666955067e-04
1.848545510288733843e-04
1.803459034428033043e-05
2.073977889592237779e-04
2.272358383379321708e-03
3.291312737831160007e-04
1.036988944796118890e-04
1.848545510288733843e-04
6.357193096358815807e-04
6.717884903244422754e-04
1.803459034428032840e-04
5.680895958448304271e-04
5.996501289473209944e-04
5.455463579144800065e-04
9.017295172140164198e-05
2.930620930945553601e-04
2.705188551642049395e-04
2.885534455084852869e-04
1.352594275821024697e-05
2.975707406806254334e-04
3.787263972298869153e-04
5.410377103284098790e-05
2.569929124059947196e-04
5.049685296398491842e-04
1.668199606845930370e-04
3.336399213691860740e-04
4.734079965373586712e-04
1.893631986149434576e-04
1.262421324099622961e-04
9.017295172140165214e-06
9.603419358329275081e-04
2.434669696477844455e-04
8.160652130786849459e-04
3.201139786109758541e-04
1.668199606845930370e-04
7.213836137712132171e-05
7.664700896319139500e-05
2.930620930945553601e-04
9.468159930747172882e-05
4.012696351602373359e-04
9.919024689354181566e-05
2.254323793035041049e-05
2.930620930945553601e-04
2.389583220617143722e-04
1.127161896517520626e-04
2.705188551642049395e-05
4.463561110209381773e-04
7.439268517015635565e-04
4.508647586070082607e-06
2.028891413731537046e-04
4.508647586070082607e-06
2.615015599920647929e-04
2.254323793035041253e-04
9.377986979025771958e-04
4.508647586070082607e-06
1.217334848238922228e-04
1.172248372378221495e-04
2.344496744756442990e-04
1.127161896517520626e-04
9.017295172140165214e-06
2.344496744756442990e-04
5.410377103284098790e-05
2.254323793035041049e-05
4.463561110209381773e-04
4.057782827463074092e-05
2.705188551642049395e-05
4.959512344677090783e-05
1.713286082706631374e-04
4.959512344677090783e-05
4.508647586070082099e-05
3.336399213691860740e-04
1.280455914443903416e-03
2.795361503363450861e-04
1.217334848238922228e-04
4.057782827463074092e-04
3.606918068856065679e-04
8.566430413533156869e-05
4.734079965373586712e-04
1.307507799960323965e-04
5.500550055005500255e-04
4.869339392955688911e-04
1.442767227542426434e-04
4.508647586070082099e-05
3.561831592995364946e-04
9.197641075582967942e-04
8.025392703204746719e-04
1.803459034428033043e-05
7.213836137712132171e-05
5.320204151562697324e-04
7.664700896319139500e-05
1.041497592382189044e-03
2.344496744756442990e-04
8.115565654926148184e-05
3.787263972298869153e-04
3.156053310249057401e-05
3.110966834388357075e-04
4.508647586070082607e-06
6.312106620498114803e-05
3.652004544716766954e-04
8.115565654926148184e-05
2.119064365452938783e-04
1.307507799960323965e-04
1.803459034428032840e-04
7.168749661851431167e-04
2.705188551642049395e-05
7.709787372179841046e-04
4.057782827463074092e-04
5.365290627423398599e-04
1.668199606845930370e-04
5.049685296398491842e-04
2.028891413731537046e-04
4.959512344677090783e-05
1.758372558567332107e-04
2.705188551642049395e-05
1.082075420656819758e-04
4.959512344677090783e-05
4.283215206766578299e-04
2.164150841313639516e-04
1.713286082706631374e-04
4.057782827463074092e-05
2.344496744756442990e-04
1.307507799960323965e-04
4.508647586070082099e-05
9.828851737632780371e-04
2.434669696477844455e-04
1.000919764107558330e-03
4.959512344677090783e-05
2.705188551642049395e-05
1.938718462010135309e-04
1.217334848238922228e-04
4.914425868816390186e-04
4.508647586070082607e-06
2.344496744756442990e-04
2.705188551642049395e-05
2.254323793035041049e-05
8.115565654926148184e-05
1.668199606845930370e-04
2.299410268895741986e-04
1.127161896517520626e-04
2.479756172338545188e-04
1.172248372378221495e-04
5.861241861891107474e-05
6.582625475662320013e-04
1.713286082706631374e-04
1.487853703403127167e-04
8.927122220418763545e-04
1.352594275821024697e-04
1.938718462010135309e-04
9.017295172140165214e-06
4.508647586070082607e-06
1.713286082706631374e-04
2.028891413731537046e-04
2.299410268895741986e-04
1.578026655124528904e-04
2.389583220617143722e-04
1.397680751681725430e-04
4.508647586070082607e-06
5.996501289473209944e-04
4.508647586070082607e-06
3.291312737831160007e-04
8.566430413533156869e-05
1.352594275821024697e-05
2.254323793035041049e-05
2.218254612346480612e-03
3.156053310249057808e-04
3.381485689552562015e-04
9.513246406607873615e-04
4.959512344677090783e-05
1.217334848238922228e-04
1.578026655124528904e-04
5.410377103284098790e-05
1.127161896517520626e-04
9.558332882468574890e-04
8.160652130786849459e-04
3.246226261970459274e-04
1.803459034428033043e-05
7.664700896319139771e-04
8.566430413533156869e-05
2.705188551642049395e-05
6.086674241194611409e-04
4.643907013652184704e-04
5.861241861891107474e-05
2.434669696477844455e-04
3.787263972298869153e-04
6.312106620498114803e-05
6.312106620498114803e-05
1.352594275821024697e-04
5.139858248119894392e-04
2.750275027502750128e-04
2.479756172338545188e-04
1.082075420656819758e-04
2.524842648199245921e-04
4.959512344677090783e-05
4.824252917094988178e-04
2.705188551642049395e-05
1.104618658587170179e-03
3.652004544716766954e-04
9.017295172140164198e-05
4.508647586070082099e-05
8.115565654926148184e-05
6.312106620498114803e-05
8.566430413533156869e-05
1.623113130985229637e-04
5.004598820537791651e-04
8.115565654926148184e-05
3.561831592995364946e-04
1.893631986149434576e-04
1.036988944796118890e-04
8.115565654926148184e-05
7.754873848040541237e-04
2.479756172338545188e-04
1.127161896517520626e-04
4.508647586070082099e-05
1.623113130985229637e-04
2.840447979224152136e-04
2.705188551642049395e-05
4.824252917094988178e-04
2.975707406806254334e-04
4.508647586070082607e-06
4.508647586070082607e-06
3.065880358527655800e-04
1.848545510288733843e-04
5.500550055005500255e-04
2.975707406806254334e-04
4.508647586070082099e-05
9.017295172140164198e-05
4.508647586070082607e-06
4.508647586070082607e-06
2.209237317174340520e-04
1.803459034428033043e-05
4.508647586070082607e-06
3.606918068856066086e-05
3.110966834388357075e-04
1.848545510288733843e-04
9.017295172140165214e-06
6.312106620498114803e-05
2.975707406806254334e-04
1.307507799960323965e-04
3.020793882666955067e-04
3.471658641273963480e-04
4.508647586070082607e-06
1.893631986149434576e-04
1.352594275821024697e-05
2.254323793035041049e-05
3.246226261970459274e-04
6.762971379105123487e-05
8.115565654926148184e-05
2.164150841313639516e-04
3.606918068856066086e-05
4.057782827463074092e-05
6.176847192916012875e-04
4.238128730905877566e-04
1.217334848238922228e-04
2.705188551642049395e-05
5.410377103284098790e-05
6.221933668776714150e-04
2.164150841313639516e-04
2.254323793035041049e-05
3.381485689552562015e-04
4.508647586070082099e-05
4.508647586070082607e-06
3.291312737831160007e-04
1.397680751681725430e-04
9.017295172140165214e-06
1.406698046853865685e-03
6.582625475662320013e-04
8.115565654926148184e-04
2.344496744756442990e-04
6.762971379105123487e-05
6.762971379105123487e-05
8.250825082508250925e-04
4.508647586070082607e-06
4.508647586070082607e-06
3.156053310249057401e-05
1.217334848238922228e-04
1.172248372378221495e-04
3.561831592995364946e-04
4.508647586070082607e-06
8.566430413533156869e-05
3.156053310249057401e-05
7.213836137712132171e-05
4.959512344677090783e-05
2.254323793035041049e-05
2.073977889592237779e-04
2.389583220617143722e-04
2.434669696477844455e-04
2.254323793035041253e-04
2.254323793035041049e-05
9.919024689354181566e-05
2.209237317174340520e-04
5.861241861891107474e-05
9.017295172140164198e-05
5.861241861891107474e-05
2.840447979224152136e-04
4.508647586070082607e-06
4.959512344677090783e-05
2.660102075781348662e-04
1.803459034428032840e-04
1.352594275821024697e-05
6.762971379105123487e-05
9.017295172140164198e-05
1.036988944796118890e-04
4.508647586070082607e-06
3.606918068856066086e-05
5.861241861891107474e-05
2.254323793035041049e-05
3.652004544716766954e-04
1.578026655124528904e-04
4.283215206766578299e-04
1.758372558567332107e-04
3.922523399880971894e-04
4.508647586070082607e-06
3.697091020577467687e-04
5.861241861891107474e-05
4.959512344677090783e-05
2.660102075781348662e-04
9.017295172140165214e-06
9.107468123861566477e-04
1.803459034428033043e-05
1.532940179263827900e-04
6.086674241194611409e-04
3.426572165413262747e-04
1.262421324099622961e-04
7.213836137712132171e-05
1.578026655124528904e-04
7.664700896319139500e-05
5.410377103284098790e-05
5.410377103284098790e-05
8.566430413533156598e-04
1.983804937870836313e-04
1.938718462010135309e-04
1.217334848238922228e-04
3.156053310249057401e-05
2.254323793035041049e-05
5.410377103284098790e-05
9.017295172140165214e-06
3.471658641273963480e-04
4.508647586070082607e-06
4.193042255045176833e-04
1.442767227542426434e-04
1.758372558567332107e-04
4.057782827463074092e-05
3.020793882666955067e-04
6.312106620498114803e-05
4.688993489512885979e-04
9.738678785911377821e-04
1.082075420656819758e-04
2.028891413731537046e-04
1.352594275821024697e-05
2.254323793035041049e-05
9.017295172140164198e-05
1.217334848238922228e-04
2.705188551642049395e-04
9.017295172140165214e-06
3.922523399880971894e-04
8.566430413533156869e-05
8.566430413533156869e-05
3.246226261970459274e-04
1.352594275821024697e-05
6.762971379105123487e-05
2.795361503363450861e-04
8.566430413533156869e-05
3.471658641273963480e-04
2.524842648199245921e-04
8.566430413533156869e-05
1.803459034428033043e-05
1.307507799960323965e-04
3.922523399880971894e-04
1.983804937870836313e-04
1.172248372378221495e-04
2.840447979224152136e-04
1.307507799960323965e-04
1.352594275821024697e-04
4.824252917094988178e-04
2.073977889592237779e-04
7.664700896319139500e-05
9.017295172140165214e-06
7.664700896319139500e-05
9.017295172140164198e-05
2.389583220617143722e-04
4.508647586070082607e-06
9.017295172140165214e-06
2.479756172338545188e-04
1.127161896517520626e-04
4.508647586070082607e-06
1.803459034428032840e-04
1.442767227542426434e-04
1.036988944796118890e-04
4.959512344677090783e-05
3.606918068856066086e-05
2.209237317174340520e-04
2.389583220617143722e-04
4.508647586070082607e-06
1.532940179263827900e-04
4.508647586070082099e-05
1.803459034428033043e-05
2.254323793035041049e-05
1.803459034428032840e-04
9.017295172140165214e-06
3.967609875741672626e-04
1.893631986149434576e-04
5.410377103284098790e-05
8.566430413533156869e-05
2.479756172338545188e-04
2.164150841313639516e-04
2.750275027502750128e-04
8.566430413533156869e-05
3.606918068856066086e-05
2.073977889592237779e-04
4.508647586070082099e-05
1.127161896517520626e-04
4.508647586070082607e-06
2.028891413731537046e-04
1.352594275821024697e-05
1.893631986149434576e-04
1.172248372378221495e-04
5.410377103284098790e-04
1.578026655124528904e-04
4.688993489512885979e-04
1.803459034428032840e-04
2.795361503363450861e-04
3.065880358527655800e-04
3.742177496438168420e-04
4.508647586070082505e-04
5.410377103284098790e-05
2.840447979224152136e-04
1.803459034428033043e-05
2.479756172338545188e-04
9.017295172140165214e-06
1.803459034428033043e-05
9.017295172140165214e-06
4.508647586070082607e-06
2.705188551642049395e-05
9.017295172140164198e-05
3.156053310249057401e-05
2.840447979224152136e-04
1.532940179263827900e-04
1.217334848238922228e-04
2.299410268895741986e-04
3.156053310249057401e-05
4.508647586070082607e-06
1.352594275821024697e-04
3.336399213691860740e-04
7.213836137712132171e-05
3.156053310249057401e-05
1.082075420656819758e-04
4.508647586070082607e-06
7.664700896319139500e-05
1.397680751681725430e-04
1.262421324099622961e-04
4.508647586070082607e-06
4.508647586070082607e-06
6.312106620498114803e-05
2.164150841313639516e-04
1.983804937870836313e-04
3.606918068856066086e-05
4.508647586070082607e-06
2.254323793035041049e-05
2.930620930945553601e-04
2.254323793035041049e-05
1.046006239968259172e-03
1.803459034428033043e-05
2.344496744756442990e-04
1.487853703403127167e-04
2.389583220617143722e-04
1.172248372378221495e-04
3.291312737831160007e-04
9.513246406607873615e-04
9.919024689354181566e-05
3.606918068856066086e-05
1.848545510288733843e-04
2.254323793035041049e-05
8.566430413533156869e-05
5.230031199841295858e-04
2.254323793035041049e-05
4.508647586070082607e-06
6.086674241194611409e-04
4.057782827463074092e-05
1.668199606845930370e-04
1.532940179263827900e-04
7.213836137712132171e-05
2.119064365452938783e-04
2.795361503363450861e-04
4.508647586070082607e-06
9.017295172140165214e-06
3.020793882666955067e-04
3.561831592995364946e-04
1.127161896517520626e-04
7.213836137712132171e-05
9.919024689354181566e-05
2.705188551642049395e-05
9.919024689354181566e-05
9.017295172140165214e-06
2.975707406806254334e-04
1.893631986149434576e-04
4.508647586070082607e-06
4.508647586070082607e-06
3.201139786109758541e-04
6.131760717055311600e-04
1.127161896517520626e-04
2.975707406806254334e-04
1.307507799960323965e-04
8.115565654926148184e-05
2.299410268895741986e-04
9.468159930747172882e-05
1.172248372378221495e-04
2.660102075781348662e-04
4.057782827463074092e-05
3.201139786109758541e-04
4.508647586070082607e-06
2.615015599920647929e-04
4.508647586070082607e-06
4.959512344677090783e-05
4.508647586070082607e-06
2.660102075781348662e-04
3.561831592995364946e-04
1.668199606845930370e-04
1.623113130985229637e-04
4.057782827463074092e-05
1.352594275821024697e-05
1.352594275821024697e-04
2.615015599920647929e-04
4.508647586070082607e-06
1.623113130985229637e-04
1.442767227542426434e-04
1.442767227542426434e-04
4.959512344677090783e-05
1.803459034428033043e-05
2.254323793035041049e-05
7.664700896319139500e-05
9.017295172140165214e-06
1.217334848238922228e-04
8.115565654926148184e-05
3.156053310249057401e-05
2.209237317174340520e-04
3.201139786109758541e-04
5.230031199841295858e-04
7.664700896319139500e-05
7.213836137712132171e-05
1.938718462010135309e-04
1.082075420656819758e-04
1.848545510288733843e-04
1.172248372378221495e-04
3.336399213691860740e-04
2.299410268895741986e-04
1.172248372378221495e-04
3.201139786109758541e-04
4.418474634348681040e-04
9.468159930747172882e-05
1.127161896517520626e-04
2.254323793035041049e-05
2.299410268895741986e-04
2.254323793035041049e-05
1.487853703403127167e-04
4.508647586070082607e-06
1.983804937870836313e-04
3.020793882666955067e-04
4.508647586070082607e-06
1.487853703403127167e-04
9.919024689354181566e-05
4.508647586070082607e-06
5.996501289473209944e-04
5.410377103284098790e-05
4.508647586070082607e-06
5.410377103284098790e-05
4.508647586070082607e-06
6.762971379105123487e-05
4.959512344677090783e-05
2.705188551642049395e-05
1.352594275821024697e-05
6.762971379105123487e-05
9.468159930747173424e-04
1.262421324099622961e-04
1.938718462010135309e-04
3.156053310249057401e-05
2.434669696477844455e-04
2.569929124059947196e-04
4.508647586070082607e-06
4.508647586070082607e-06
2.705188551642049395e-05
4.508647586070082607e-06
3.156053310249057401e-05
3.471658641273963480e-04
8.566430413533156869e-05
8.115565654926148184e-05
9.017295172140164198e-05
1.127161896517520626e-04
1.352594275821024697e-05
1.352594275821024697e-05
1.352594275821024697e-04
3.606918068856066086e-05
4.057782827463074092e-05
8.566430413533156869e-05
9.017295172140165214e-06
9.468159930747172882e-05
4.508647586070082505e-04
9.919024689354181566e-05
3.336399213691860740e-04
2.209237317174340520e-04
1.397680751681725430e-04
6.762971379105123487e-05
1.758372558567332107e-04
2.479756172338545188e-04
9.017295172140165214e-06
3.606918068856066086e-05
7.664700896319139500e-05
4.959512344677090783e-05
1.623113130985229637e-04
4.914425868816390186e-04
4.508647586070082607e-06
1.578026655124528904e-04
2.164150841313639516e-04
1.172248372378221495e-04
1.848545510288733843e-04
4.057782827463074092e-05
5.275117675701996049e-04
9.468159930747172882e-05
4.508647586070082607e-06
7.213836137712132171e-05
2.434669696477844455e-04
2.705188551642049395e-05
9.017295172140165214e-06
4.057782827463074092e-05
2.569929124059947196e-04
4.508647586070082607e-06
2.254323793035041253e-04
1.668199606845930370e-04
2.254323793035041049e-05
9.468159930747172882e-05
2.930620930945553601e-04
9.017295172140165214e-06
6.762971379105124029e-04
3.606918068856066086e-05
3.291312737831160007e-04
4.508647586070082607e-06
7.213836137712132171e-05
9.017295172140165214e-06
1.803459034428033043e-05
9.017295172140165214e-06
4.508647586070082607e-06
2.254323793035041049e-05
1.848545510288733843e-04
4.508647586070082099e-05
1.082075420656819758e-04
1.172248372378221495e-04
6.762971379105123487e-05
8.566430413533156869e-05
1.803459034428033043e-05
1.487853703403127167e-04
5.861241861891107203e-04
6.312106620498114803e-05
4.508647586070082607e-06
1.668199606845930370e-04
8.566430413533156869e-05
1.532940179263827900e-04
9.017295172140165214e-06
1.938718462010135309e-04
2.705188551642049395e-05
1.623113130985229637e-04
4.508647586070082607e-06
9.919024689354181566e-05
6.762971379105123487e-05
4.508647586070082099e-05
9.017295172140165214e-06
1.307507799960323965e-04
1.217334848238922228e-04
1.082075420656819758e-04
1.983804937870836313e-04
4.553734061930783238e-04
2.885534455084852869e-04
4.508647586070082607e-06
2.254323793035041049e-05
1.127161896517520626e-04
9.017295172140165214e-06
1.668199606845930370e-04
3.606918068856065679e-04
1.803459034428033043e-05
2.434669696477844455e-04
1.532940179263827900e-04
2.164150841313639516e-04
8.566430413533156869e-05
5.861241861891107474e-05
1.307507799960323965e-04
5.410377103284098790e-05
5.861241861891107474e-05
4.508647586070082607e-06
1.803459034428033043e-05
6.312106620498114803e-05
1.036988944796118890e-04
9.377986979025771958e-04
4.508647586070082607e-06
3.201139786109758541e-04
2.750275027502750128e-04
1.262421324099622961e-04
1.036988944796118890e-04
2.254323793035041049e-05
1.578026655124528904e-04
4.508647586070082607e-06
7.213836137712132171e-05
7.258922613572832633e-04
2.344496744756442990e-04
4.373388158487979765e-04
1.352594275821024697e-05
1.938718462010135309e-04
9.919024689354181566e-05
1.397680751681725430e-04
2.660102075781348662e-04
2.795361503363450861e-04
7.213836137712131358e-04
9.017295172140165214e-06
2.434669696477844455e-04
9.017295172140165214e-06
2.209237317174340520e-04
4.508647586070082607e-06
1.307507799960323965e-04
5.410377103284098790e-05
1.307507799960323965e-04
5.410377103284098790e-05
4.779166441234287445e-04
6.312106620498114803e-05
1.803459034428033043e-05
8.566430413533156869e-05
1.082075420656819758e-04
2.254323793035041049e-05
4.057782827463074092e-05
3.471658641273963480e-04
1.442767227542426434e-04
6.762971379105123487e-05
1.803459034428033043e-05
4.508647586070082099e-05
7.664700896319139500e-05
2.254323793035041049e-05
4.508647586070082607e-06
7.213836137712132171e-05
2.840447979224152136e-04
1.848545510288733843e-04
9.017295172140165214e-06
4.508647586070082607e-06
5.094771772259193117e-04
6.312106620498114803e-05
1.172248372378221495e-04
1.938718462010135309e-04
4.959512344677090783e-05
3.201139786109758541e-04
2.975707406806254334e-04
9.017295172140165214e-06
4.508647586070082607e-06
1.803459034428033043e-05
9.017295172140165214e-06
3.606918068856066086e-05
5.184944723980594583e-04
1.172248372378221495e-04
1.082075420656819758e-04
1.352594275821024697e-05
1.307507799960323965e-04
4.057782827463074092e-05
3.110966834388357075e-04
1.442767227542426434e-04
1.893631986149434576e-04
1.352594275821024697e-04
9.017295172140165214e-06
7.213836137712132171e-05
4.959512344677090783e-05
1.442767227542426434e-04
1.803459034428033043e-05
1.713286082706631374e-04
3.156053310249057401e-05
3.156053310249057401e-05
9.017295172140165214e-06
4.508647586070082607e-06
3.606918068856066086e-05
2.028891413731537046e-04
9.919024689354181566e-05
1.307507799960323965e-04
9.017295172140165214e-06
7.213836137712132171e-05
1.091092715828960013e-03
1.803459034428033043e-05
4.508647586070082607e-06
2.254323793035041049e-05
1.803459034428033043e-05
4.959512344677090783e-05
1.352594275821024697e-05
4.057782827463074092e-05
3.156053310249057401e-05
3.606918068856066086e-05
5.094771772259193117e-04
5.410377103284098790e-05
4.508647586070082607e-06
1.082075420656819758e-04
1.082075420656819758e-04
1.713286082706631374e-04
2.209237317174340520e-04
3.156053310249057401e-05
2.524842648199245921e-04
9.017295172140165214e-06
5.545636530866201530e-04
2.073977889592237779e-04
1.803459034428032840e-04
9.017295172140164198e-05
9.017295172140165214e-06
4.057782827463074092e-05
1.127161896517520626e-04
4.508647586070082099e-05
4.508647586070082607e-06
1.803459034428033043e-05
3.110966834388357075e-04
9.017295172140165214e-06
4.238128730905877566e-04
8.115565654926148184e-05
2.975707406806254334e-04
4.508647586070082607e-06
1.352594275821024697e-04
2.073977889592237779e-04
4.508647586070082099e-05
2.705188551642049395e-05
9.017295172140165214e-06
1.803459034428033043e-05
3.156053310249057401e-05
1.893631986149434576e-04
1.172248372378221495e-04
3.606918068856066086e-05
1.127161896517520626e-04
1.172248372378221495e-04
1.172248372378221495e-04
2.164150841313639516e-04
4.508647586070082607e-06
6.312106620498114803e-05
1.262421324099622961e-04
1.713286082706631374e-04
4.508647586070082607e-06
7.664700896319139500e-05
9.468159930747172882e-05
6.672798427383721479e-04
7.213836137712132171e-05
3.336399213691860740e-04
4.508647586070082607e-06
4.508647586070082607e-06
1.578026655124528904e-04
4.508647586070082607e-06
8.115565654926148184e-05
4.508647586070082607e-06
1.803459034428033043e-05
1.713286082706631374e-04
4.959512344677090783e-05
3.606918068856066086e-05
2.524842648199245921e-04
9.017295172140164198e-05
1.036988944796118890e-04
4.508647586070082607e-06
1.532940179263827900e-04
4.959512344677090783e-05
1.983804937870836313e-04
1.262421324099622961e-04
1.803459034428033043e-05
2.299410268895741986e-04
4.508647586070082607e-06
6.762971379105123487e-05
1.217334848238922228e-04
8.566430413533156869e-05
3.156053310249057401e-05
2.705188551642049395e-05
1.352594275821024697e-05
6.762971379105123487e-05
4.463561110209381773e-04
1.532940179263827900e-04
8.566430413533156869e-05
6.312106620498114803e-05
4.959512344677090783e-05
5.861241861891107474e-05
1.127161896517520626e-04
1.803459034428033043e-05
1.217334848238922228e-04
5.320204151562697324e-04
1.983804937870836313e-04
2.028891413731537046e-04
1.803459034428033043e-05
4.508647586070082607e-06
3.156053310249057401e-05
1.668199606845930370e-04
1.803459034428033043e-05
4.057782827463074092e-05
2.840447979224152136e-04
2.254323793035041049e-05
2.254323793035041049e-05
1.352594275821024697e-05
9.017295172140164198e-05
5.410377103284098790e-05
1.803459034428033043e-05
1.938718462010135309e-04
2.254323793035041049e-05
4.508647586070082607e-06
7.213836137712132171e-05
5.861241861891107474e-05
1.803459034428033043e-05
4.508647586070082607e-06
1.217334848238922228e-04
2.705188551642049395e-04
2.119064365452938783e-04
4.959512344677090783e-05
2.164150841313639516e-04
2.299410268895741986e-04
9.017295172140165214e-06
4.959512344677090783e-05
1.803459034428033043e-05
1.036988944796118890e-04
1.352594275821024697e-05
4.508647586070082607e-06
8.566430413533156869e-05
3.697091020577467687e-04
6.762971379105123487e-05
6.762971379105123487e-05
3.606918068856066086e-05
1.803459034428032840e-04
1.668199606845930370e-04
2.254323793035041049e-05
4.508647586070082607e-06
5.094771772259193117e-04
1.127161896517520626e-04
4.508647586070082607e-06
3.156053310249057401e-05
2.840447979224152136e-04
6.762971379105123487e-05
4.508647586070082607e-06
7.213836137712132171e-05
4.508647586070082099e-05
7.213836137712132171e-05
4.508647586070082607e-06
7.213836137712132171e-05
4.959512344677090376e-04
1.036988944796118890e-04
2.254323793035041049e-05
1.127161896517520626e-04
3.697091020577467687e-04
4.508647586070082607e-06
8.566430413533156869e-05
4.508647586070082607e-06
9.017295172140165214e-06
4.373388158487979765e-04
7.664700896319139500e-05
4.283215206766578299e-04
4.508647586070082607e-06
1.803459034428033043e-05
4.508647586070082607e-06
9.017295172140165214e-06
1.623113130985229637e-04
1.397680751681725430e-04
1.623113130985229637e-04
3.246226261970459274e-04
8.566430413533156869e-05
1.352594275821024697e-05
4.959512344677090783e-05
1.893631986149434576e-04
2.299410268895741986e-04
4.508647586070082607e-06
4.959512344677090783e-05
2.254323793035041049e-05
1.352594275821024697e-05
9.828851737632780371e-04
9.017295172140165214e-06
3.291312737831160007e-04
1.127161896517520626e-04
4.057782827463074092e-05
5.410377103284098790e-05
1.352594275821024697e-05
1.623113130985229637e-04
4.057782827463074092e-05
2.615015599920647929e-04
9.017295172140165214e-06
1.352594275821024697e-04
6.312106620498114803e-05
1.848545510288733843e-04
8.566430413533156869e-05
3.606918068856066086e-05
9.017295172140165214e-06
3.606918068856066086e-05
9.468159930747172882e-05
9.017295172140165214e-06
5.410377103284098790e-05
9.017295172140165214e-06
1.397680751681725430e-04
4.508647586070082607e-06
9.017295172140165214e-06
4.508647586070082607e-06
3.246226261970459274e-04
1.352594275821024697e-05
2.795361503363450861e-04
9.017295172140165214e-06
4.508647586070082099e-05
1.352594275821024697e-04
4.508647586070082607e-06
9.017295172140165214e-06
3.065880358527655800e-04
4.508647586070082099e-05
4.959512344677090783e-05
4.508647586070082099e-05
2.705188551642049395e-05
2.705188551642049395e-04
2.164150841313639516e-04
6.762971379105123487e-05
1.668199606845930370e-04
5.410377103284098790e-05
2.209237317174340520e-04
5.410377103284098790e-05
7.529441468737038115e-04
9.468159930747172882e-05
3.381485689552562015e-04
9.017295172140165214e-06
1.352594275821024697e-04
1.487853703403127167e-04
1.803459034428033043e-05
1.803459034428033043e-05
1.442767227542426434e-04
7.213836137712132171e-05
9.017295172140165214e-06
1.127161896517520626e-04
7.664700896319139500e-05
1.803459034428033043e-05
9.017295172140164198e-05
4.508647586070082607e-06
1.442767227542426434e-04
2.705188551642049395e-05
5.590723006726901721e-04
1.397680751681725430e-04
1.623113130985229637e-04
8.115565654926148184e-05
2.254323793035041049e-05
1.442767227542426434e-04
7.664700896319139500e-05
3.156053310249057401e-05
6.762971379105123487e-05
2.705188551642049395e-05
6.762971379105123487e-05
1.668199606845930370e-04
9.468159930747172882e-05
1.262421324099622961e-04
9.919024689354181566e-05
1.803459034428033043e-05
4.508647586070082607e-06
9.017295172140165214e-06
4.057782827463074092e-05
7.213836137712132171e-05
9.062381648000865202e-04
3.156053310249057401e-05
9.017295172140165214e-06
4.508647586070082607e-06
4.057782827463074092e-05
6.447366048080218357e-04
3.156053310249057401e-05
4.508647586070082607e-06
4.508647586070082607e-06
1.352594275821024697e-05
4.057782827463074092e-05
2.254323793035041049e-05
1.532940179263827900e-04
4.508647586070082099e-05
6.762971379105123487e-05
1.036988944796118890e-04
1.713286082706631374e-04
4.508647586070082607e-06
1.668199606845930370e-04
2.254323793035041049e-05
1.352594275821024697e-05
4.508647586070082607e-06
4.508647586070082607e-06
1.893631986149434576e-04
2.569929124059947196e-04
9.468159930747172882e-05
4.057782827463074092e-05
2.930620930945553601e-04
9.017295172140165214e-06
2.254323793035041049e-05
3.606918068856066086e-05
1.668199606845930370e-04
7.213836137712132171e-05
4.508647586070082099e-05
6.312106620498114803e-05
2.705188551642049395e-05
3.156053310249057401e-05
1.803459034428033043e-05
2.705188551642049395e-05
7.213836137712132171e-05
4.508647586070082607e-06
1.803459034428033043e-05
1.893631986149434576e-04
9.017295172140165214e-06
1.397680751681725430e-04
1.803459034428033043e-05
6.762971379105123487e-05
2.119064365452938783e-04
6.762971379105123487e-05
4.508647586070082607e-06
1.352594275821024697e-05
9.017295172140165214e-06
1.036988944796118890e-04
4.508647586070082607e-06
1.983804937870836313e-04
4.508647586070082607e-06
4.508647586070082607e-06
5.861241861891107474e-05
4.508647586070082607e-06
2.254323793035041049e-05
1.758372558567332107e-04
6.943317282547926961e-04
4.508647586070082607e-06
3.471658641273963480e-04
2.389583220617143722e-04
1.172248372378221495e-04
1.487853703403127167e-04
3.156053310249057401e-05
1.307507799960323965e-04
5.861241861891107474e-05
2.840447979224152136e-04
9.017295172140164198e-05
9.468159930747172882e-05
1.803459034428033043e-05
5.545636530866201530e-04
7.213836137712132171e-05
9.017295172140164198e-05
1.352594275821024697e-05
1.127161896517520626e-04
2.840447979224152136e-04
2.389583220617143722e-04
5.410377103284098790e-05
4.508647586070082607e-06
3.426572165413262747e-04
1.262421324099622961e-04
9.017295172140164198e-05
4.508647586070082607e-06
9.107468123861566477e-04
9.017295172140165214e-06
4.508647586070082607e-06
1.803459034428033043e-05
1.803459034428033043e-05
9.017295172140165214e-06
4.508647586070082607e-06
1.352594275821024697e-05
7.664700896319139500e-05
9.468159930747172882e-05
4.508647586070082607e-06
2.840447979224152136e-04
2.705188551642049395e-05
4.508647586070082607e-06
2.254323793035041049e-05
3.156053310249057401e-05
8.566430413533156869e-05
1.262421324099622961e-04
5.275117675701996049e-04
9.017295172140164198e-05
4.057782827463074092e-05
1.352594275821024697e-05
5.410377103284098790e-05
4.057782827463074092e-05
4.012696351602373359e-04
2.750275027502750128e-04
4.508647586070082607e-06
1.352594275821024697e-05
7.213836137712132171e-05
9.468159930747172882e-05
4.508647586070082607e-06
4.508647586070082607e-06
1.397680751681725430e-04
1.803459034428033043e-05
6.312106620498114803e-05
6.762971379105123487e-05
9.017295172140165214e-06
4.508647586070082607e-06
4.508647586070082607e-06
2.705188551642049395e-05
2.479756172338545188e-04
2.254323793035041049e-05
1.082075420656819758e-04
4.508647586070082607e-06
4.057782827463074092e-05
4.508647586070082607e-06
6.312106620498114803e-05
1.036988944796118890e-04
5.861241861891107474e-05
3.606918068856066086e-05
8.115565654926148184e-05
1.082075420656819758e-04
2.164150841313639516e-04
1.532940179263827900e-04
1.082075420656819758e-04
1.307507799960323965e-04
9.017295172140165214e-06
1.803459034428033043e-05
5.410377103284098790e-05
4.057782827463074092e-05
2.389583220617143722e-04
4.057782827463074092e-05
4.508647586070082607e-06
3.156053310249057401e-05
1.803459034428033043e-05
9.017295172140165214e-06
4.959512344677090783e-05
6.312106620498114803e-05
3.606918068856066086e-05
7.664700896319139500e-05
2.569929124059947196e-04
9.468159930747172882e-05
2.479756172338545188e-04
4.508647586070082607e-06
1.442767227542426434e-04
5.861241861891107474e-05
1.082075420656819758e-04
2.479756172338545188e-04
1.803459034428033043e-05
2.524842648199245921e-04
9.468159930747172882e-05
8.476257461811755132e-04
1.803459034428033043e-05
1.803459034428033043e-05
4.508647586070082607e-06
2.209237317174340520e-04
9.919024689354181566e-05
5.410377103284098790e-05
2.705188551642049395e-05
1.352594275821024697e-05
1.036988944796118890e-04
4.508647586070082607e-06
5.861241861891107474e-05
2.254323793035041049e-05
3.156053310249057401e-05
3.606918068856066086e-05
4.508647586070082607e-06
1.803459034428033043e-05
1.217334848238922228e-04
4.508647586070082607e-06
6.762971379105123487e-05
4.057782827463074092e-05
4.508647586070082607e-06
1.803459034428033043e-05
2.705188551642049395e-05
9.017295172140165214e-06
2.299410268895741986e-04
3.652004544716766954e-04
1.262421324099622961e-04
1.938718462010135309e-04
8.115565654926148184e-05
4.508647586070082607e-06
2.254323793035041253e-04
2.615015599920647929e-04
2.254323793035041049e-05
2.254323793035041253e-04
1.082075420656819758e-04
2.705188551642049395e-05
9.017295172140165214e-06
1.803459034428033043e-05
1.352594275821024697e-05
5.861241861891107474e-05
4.959512344677090783e-05
1.668199606845930370e-04
4.508647586070082607e-06
4.057782827463074092e-05
2.254323793035041253e-04
1.578026655124528904e-04
1.127161896517520626e-04
2.254323793035041049e-05
3.065880358527655800e-04
3.561831592995364946e-04
7.664700896319139500e-05
1.578026655124528904e-04
4.508647586070082607e-06
4.057782827463074092e-05
5.410377103284098790e-05
1.352594275821024697e-05
7.664700896319139500e-05
1.352594275821024697e-05
4.508647586070082607e-06
1.307507799960323965e-04
1.803459034428033043e-05
9.017295172140164198e-05
1.758372558567332107e-04
9.919024689354181566e-05
1.036988944796118890e-04
2.254323793035041049e-05
9.919024689354181566e-05
8.566430413533156869e-05
4.508647586070082607e-06
2.254323793035041049e-05
1.442767227542426434e-04
1.352594275821024697e-05
1.623113130985229637e-04
2.073977889592237779e-04
1.532940179263827900e-04
9.017295172140164198e-05
6.312106620498114803e-05
1.893631986149434576e-04
4.508647586070082607e-06
4.508647586070082607e-06
1.487853703403127167e-04
2.930620930945553601e-04
1.803459034428033043e-05
2.254323793035041049e-05
9.017295172140164198e-05
2.705188551642049395e-05
1.532940179263827900e-04
4.057782827463074092e-05
4.508647586070082099e-05
5.861241861891107474e-05
1.127161896517520626e-04
2.705188551642049395e-05
8.115565654926148184e-05
4.508647586070082607e-06
1.352594275821024697e-05
1.352594275821024697e-05
1.262421324099622961e-04
8.115565654926148184e-05
9.017295172140165214e-06
1.352594275821024697e-05
1.036988944796118890e-04
9.017295172140165214e-06
9.017295172140165214e-06
1.352594275821024697e-05
9.017295172140165214e-06
4.328301682627279032e-04
1.082075420656819758e-04
9.017295172140165214e-06
1.803459034428033043e-05
3.291312737831160007e-04
4.508647586070082607e-06
4.508647586070082607e-06
5.004598820537791651e-04
4.508647586070082607e-06
1.397680751681725430e-04
3.606918068856066086e-05
8.566430413533156869e-05
5.861241861891107474e-05
9.017295172140165214e-06
4.508647586070082099e-05
3.606918068856066086e-05
9.017295172140165214e-06
3.606918068856066086e-05
1.352594275821024697e-04
1.172248372378221495e-04
4.057782827463074092e-05
6.312106620498114803e-05
1.082075420656819758e-04
4.508647586070082099e-05
4.508647586070082607e-06
3.606918068856066086e-05
4.508647586070082607e-06
1.668199606845930370e-04
4.508647586070082607e-06
8.566430413533156869e-05
1.578026655124528904e-04
1.758372558567332107e-04
1.803459034428033043e-05
5.861241861891107474e-05
4.508647586070082607e-06
7.664700896319139500e-05
7.213836137712132171e-05
3.426572165413262747e-04
5.590723006726901721e-04
3.606918068856066086e-05
4.508647586070082607e-06
4.508647586070082607e-06
2.705188551642049395e-05
9.017295172140165214e-06
1.172248372378221495e-04
1.803459034428033043e-05
1.397680751681725430e-04
9.017295172140165214e-06
2.164150841313639516e-04
4.508647586070082607e-06
2.119064365452938783e-04
1.442767227542426434e-04
3.291312737831160007e-04
4.057782827463074092e-05
5.455463579144800065e-04
1.893631986149434576e-04
4.508647586070082607e-06
4.508647586070082607e-06
4.508647586070082099e-05
1.938718462010135309e-04
9.017295172140165214e-06
4.508647586070082607e-06
3.606918068856066086e-05
3.156053310249057401e-05
2.254323793035041049e-05
3.606918068856066086e-05
4.508647586070082607e-06
2.299410268895741986e-04
4.508647586070082607e-06
1.352594275821024697e-05
1.893631986149434576e-04
3.156053310249057401e-05
3.156053310249057401e-05
9.017295172140165214e-06
2.750275027502750128e-04
6.762971379105123487e-05
1.036988944796118890e-04
1.803459034428033043e-05
4.508647586070082607e-06
1.487853703403127167e-04
1.487853703403127167e-04
1.713286082706631374e-04
1.803459034428033043e-05
2.705188551642049395e-05
4.057782827463074092e-05
1.848545510288733843e-04
4.508647586070082607e-06
4.508647586070082607e-06
1.082075420656819758e-04
4.508647586070082607e-06
3.606918068856066086e-05
1.487853703403127167e-04
4.057782827463074092e-05
9.017295172140164198e-05
2.254323793035041049e-05
1.082075420656819758e-04
4.328301682627279032e-04
1.262421324099622961e-04
9.017295172140165214e-06
1.352594275821024697e-05
4.508647586070082607e-06
4.057782827463074092e-05
9.017295172140165214e-06
1.352594275821024697e-05
3.471658641273963480e-04
2.254323793035041049e-05
6.312106620498114803e-05
1.127161896517520626e-04
4.508647586070082607e-06
9.017295172140165214e-06
3.606918068856066086e-05
3.832350448159569886e-04
5.861241861891107474e-05
1.352594275821024697e-05
4.508647586070082607e-06
1.262421324099622961e-04
2.254323793035041049e-05
5.410377103284098790e-05
1.352594275821024697e-05
1.217334848238922228e-04
9.017295172140164198e-05
2.254323793035041049e-05
1.127161896517520626e-04
1.668199606845930370e-04
3.606918068856066086e-05
4.508647586070082099e-05
3.020793882666955067e-04
4.508647586070082607e-06
2.254323793035041049e-05
9.017295172140165214e-06
4.057782827463074092e-05
4.508647586070082607e-06
9.468159930747172882e-05
1.758372558567332107e-04
4.508647586070082607e-06
1.803459034428033043e-05
4.508647586070082607e-06
2.705188551642049395e-05
4.508647586070082099e-05
3.156053310249057401e-05
8.836949268697362079e-04
4.057782827463074092e-05
4.508647586070082607e-06
1.848545510288733843e-04
6.762971379105123487e-05
4.508647586070082607e-06
1.262421324099622961e-04
6.312106620498114803e-05
9.017295172140165214e-06
4.959512344677090783e-05
7.664700896319139500e-05
1.487853703403127167e-04
9.468159930747172882e-05
1.442767227542426434e-04
4.508647586070082607e-06
4.057782827463074092e-05
6.312106620498114803e-05
3.156053310249057401e-05
4.057782827463074092e-05
9.919024689354181566e-05
4.057782827463074092e-05
1.082075420656819758e-04
9.017295172140165214e-06
3.516745117134664213e-04
4.508647586070082607e-06
5.861241861891107474e-05
4.057782827463074092e-04
