1.882669314874537911e-02
7.283391017069141410e-03
5.093211673090537565e-03
3.726500432628018691e-03
4.063262015259970147e-03
8.020825139620860536e-03
6.934338865727995328e-03
3.728958546369857442e-03
3.406945646188940663e-03
3.075100291040667143e-03
6.649197671674663725e-03
3.352867143868481191e-03
3.320911665224573085e-03
2.816998348147565275e-03
6.595119169354204253e-03
4.380358687957209424e-03
3.311079210257217211e-03
8.659934712499017459e-03
4.522929284983874358e-03
5.071088649413985766e-03
2.875993077951703118e-03
2.399119012034925044e-03
2.588393770156532762e-03
4.272201683316290480e-03
2.418783921969637225e-03
4.618795720915598244e-03
2.531857154094234105e-03
2.475320538031935882e-03
3.057893494847793714e-03
4.785947455360654162e-03
3.505270195862502866e-03
2.209844253913316892e-03
2.522024699126877798e-03
2.308168803586879529e-03
2.185263116494926341e-03
4.771198772909619919e-03
3.126720679619287430e-03
3.318453551482734333e-03
2.517108471643199862e-03
2.035318178242743851e-03
1.986155903405962316e-03
2.571186973963659333e-03
2.416325808227798473e-03
4.599130810980885629e-03
1.587941477228034266e-03
1.356878785495162351e-03
1.442912766459529712e-03
2.234425391331707877e-03
2.526940926610556169e-03
1.553527884842287408e-03
1.585483363486195297e-03
4.665499882010540160e-03
1.575650908518838990e-03
3.170966726972390595e-03
2.118894045465271811e-03
1.528946747423896857e-03
3.143927475812160859e-03
1.673975458192401410e-03
1.042240226539762477e-03
1.678891685676079564e-03
1.949284197278376490e-03
1.991072130889640687e-03
1.649394320774010859e-03
1.479784472587115539e-03
1.280677259498151513e-03
2.023027609533548359e-03
1.882915126248721743e-03
1.868166443797687499e-03
2.207386140171478141e-03
1.762467552898607740e-03
1.669059230708723257e-03
1.701014709352631146e-03
2.354872964681821879e-03
2.458113741839062453e-03
1.246263667112404655e-03
2.295878234877684471e-03
1.076653818925509334e-03
1.251179894596082809e-03
1.162687799889876479e-03
1.349504444269645229e-03
1.216766302210335951e-03
2.664595296153543600e-03
1.789506804058837476e-03
2.563812632738142212e-03
1.688724140643435871e-03
1.514198064972862396e-03
2.064815543144812339e-03
1.570734681035160837e-03
9.537481318335562551e-04
1.278219145756312328e-03
2.787500983245496788e-03
2.099229135530559197e-03
2.799791551954691846e-03
2.522024699126877798e-03
1.300342169432863910e-03
1.307716510658381249e-03
2.959568945174231077e-03
8.922952882875796613e-04
1.086486273892865641e-03
9.979941791866593116e-04
1.283135373239990482e-03
1.873082671281365436e-03
1.138106662471485928e-03
2.067273656886651524e-03
9.414575631243608713e-04
1.359336899237001536e-03
1.206933847242979644e-03
1.516656178714701582e-03
1.179894596082749908e-03
1.150397231180681204e-03
1.002910406670337465e-03
1.022575316605049862e-03
8.750884920947062324e-04
9.144183119641312437e-04
1.066821363958153027e-03
1.064363250216314059e-03
1.032407771572406169e-03
1.676433571934240595e-03
9.414575631243608713e-04
1.627271297097459277e-03
9.291669944151655959e-04
1.359336899237001536e-03
1.371627467946196811e-03
8.087194210650514850e-04
8.922952882875796613e-04
2.342582395972626387e-03
7.890545111303389793e-04
7.743058286793046271e-04
1.570734681035160837e-03
1.091402501376543795e-03
8.062613073232124082e-04
9.439156768661999481e-04
7.472665775190749995e-04
1.425705970266656283e-03
1.703472823094470331e-03
1.541237316133092132e-03
1.737886415480217189e-03
8.996696295130967832e-04
1.039782112797923291e-03
2.477778651773775067e-03
8.505073546763155731e-04
2.888283646660898176e-03
1.460119562652403141e-03
8.013450798395343631e-04
1.179894596082749908e-03
1.437996538975851559e-03
1.209391960984818612e-03
6.759812790057422071e-04
5.358687957209155904e-04
2.172972547785731283e-03
9.193345394478092888e-04
1.924703059859985939e-03
1.292967828207346789e-03
6.612325965547077465e-04
1.632187524581137431e-03
7.054786439078109114e-04
6.317352316526390421e-04
1.347046330527806261e-03
9.389994493825217945e-04
1.152855344922520172e-03
8.406748997089593745e-04
1.263470463305278084e-03
7.669314874537875052e-04
7.743058286793046271e-04
1.261012349563438899e-03
9.857036104774640362e-04
5.260363407535593918e-04
1.128274207504129621e-03
1.125816093762290653e-03
7.030205301659718346e-04
2.200011798945961019e-03
6.710650515220640535e-04
8.234681035160859456e-04
7.325178950680405390e-04
1.034865885314245355e-03
7.054786439078109114e-04
1.130732321245968590e-03
1.197101392275623337e-03
1.162687799889876479e-03
9.979941791866593116e-04
7.300597813262015706e-04
1.369169354204357843e-03
1.032407771572406169e-03
1.027491544088728016e-03
9.807873829937858827e-04
5.063714308188468861e-04
6.587744828128686697e-04
1.125816093762290653e-03
6.391095728781561640e-04
2.268838983717454735e-03
5.850310705576968005e-04
7.816801699048218574e-04
7.251435538425234171e-04
1.885373239990560928e-03
1.074195705183670366e-03
7.054786439078109114e-04
1.514198064972862396e-03
1.022575316605049862e-03
1.194643278533784369e-03
4.080468811452843576e-04
7.497246912609140763e-04
7.202273263588452636e-04
5.432431369464328207e-04
7.841382836466609342e-04
4.645834972075827980e-04
5.874891842995358772e-04
1.066821363958153027e-03
5.874891842995358772e-04
4.227955635963187098e-04
8.087194210650514850e-04
2.499901675450326433e-03
6.415676866199952408e-04
9.439156768661999481e-04
1.273302918272634391e-03
7.595571462282702749e-04
5.653661606229842948e-04
5.727405018485015251e-04
1.423247856524817098e-03
6.735231652639031303e-04
1.042240226539762477e-03
9.291669944151655959e-04
8.701722646110280788e-04
1.064363250216314059e-03
8.431330134507983428e-04
1.410957287815621823e-03
8.308424447416030674e-04
1.143022889955164082e-03
7.054786439078109114e-04
4.768740659167781276e-04
9.684968142845906073e-04
6.956461889404546043e-04
1.076653818925509334e-03
8.333005584834421442e-04
8.038031935813734399e-04
7.816801699048218574e-04
6.169865492016046900e-04
1.135648548729646743e-03
9.979941791866593116e-04
1.435538425234012374e-03
7.448084637772359228e-04
5.162038857862030847e-04
9.095020844804530902e-04
6.759812790057422071e-04
6.292771179107999654e-04
6.169865492016046900e-04
3.687170612758593462e-04
5.579918193974671729e-04
9.857036104774640362e-04
7.423503500353968460e-04
6.415676866199952408e-04
8.210099897742468688e-04
2.111519704239754689e-03
3.097223314717218834e-04
3.834657437268937526e-04
7.226854401006843403e-04
7.128529851333281417e-04
9.168764257059703205e-04
6.317352316526390421e-04
7.964288523558562096e-04
4.277117910799968633e-04
7.546409187445921214e-04
6.219027766852827351e-04
1.344588216785967075e-03
8.431330134507983428e-04
5.137457720443640080e-04
5.432431369464328207e-04
6.636907102965468232e-04
1.487158813812632660e-03
6.464839141036733943e-04
1.138106662471485928e-03
5.457012506882718975e-04
6.022378667505702294e-04
8.922952882875796613e-04
8.406748997089593745e-04
4.449185872728702923e-04
4.301699048218359401e-04
1.221682529694014105e-03
7.374341225517186925e-04
6.219027766852827351e-04
5.874891842995358772e-04
1.986155903405962316e-03
5.211201132698812383e-04
7.423503500353968460e-04
9.512900180917171784e-04
1.369169354204357843e-03
1.339671989302288922e-03
8.775466058365453091e-04
1.489616927554471846e-03
5.973216392668921843e-04
5.751986155903406018e-04
4.621253834657437212e-04
6.710650515220640535e-04
8.824628333202233542e-04
1.253638008337921777e-03
3.834657437268937526e-04
1.423247856524817098e-03
8.357586722252812210e-04
4.596672697239046444e-04
4.227955635963187098e-04
7.767639424211437039e-04
3.539683788248249941e-04
7.325178950680405390e-04
6.096122079760874597e-04
7.472665775190749995e-04
4.375442460473531162e-04
9.758711555101077292e-04
9.586643593172343002e-04
8.382167859671202977e-04
3.908400849524109287e-04
5.137457720443640080e-04
6.858137339730984057e-04
9.857036104774640362e-04
6.636907102965468232e-04
1.583025249744356112e-03
4.670416109494218747e-04
5.063714308188468861e-04
3.136553134586643737e-03
3.343034688901124884e-04
4.547510422402265451e-04
6.194446629434437667e-04
9.586643593172343002e-04
8.382167859671202977e-04
6.907299614567765592e-04
8.038031935813734399e-04
7.792220561629827806e-04
3.687170612758593462e-04
2.885825532919059425e-03
9.709549280264296841e-04
2.703925116022968720e-04
1.091402501376543795e-03
6.686069377802249768e-04
3.687170612758593462e-04
7.030205301659718346e-04
9.832454967356248510e-04
5.948635255250531075e-04
1.342130103044128107e-03
5.850310705576968005e-04
2.925155352788484002e-04
5.088295445606859629e-04
7.620152599701093517e-04
1.278219145756312328e-03
8.185518760324077920e-04
8.996696295130967832e-04
6.882718477149374825e-04
3.760914025013765223e-04
6.268190041689608886e-04
5.801148430740187554e-04
4.080468811452843576e-04
4.375442460473531162e-04
6.956461889404546043e-04
4.547510422402265451e-04
7.865963973885000109e-04
7.497246912609140763e-04
7.472665775190749995e-04
4.473767010147093690e-04
6.145284354597656132e-04
6.882718477149374825e-04
5.383269094627546672e-04
7.865963973885000109e-04
1.600232045937229541e-03
5.014552033351687326e-04
5.260363407535593918e-04
3.072642177298828066e-04
1.002910406670337465e-03
6.341933453944781189e-04
2.649846613702509356e-03
6.071540942342483829e-04
5.850310705576968005e-04
3.293872414064343349e-04
1.538779202391252947e-03
8.701722646110280788e-04
5.211201132698812383e-04
4.916227483678124255e-04
7.865963973885000109e-04
5.702823881066624483e-04
2.310626917328718606e-04
2.261464642491937342e-04
9.709549280264296841e-04
3.146385589553999827e-04
4.006725399197671816e-04
5.997797530087312610e-04
7.030205301659718346e-04
8.849209470620624310e-04
4.547510422402265451e-04
2.236883505073546845e-04
4.227955635963187098e-04
1.037323999056084323e-03
1.238889325886887533e-03
4.842484071422953036e-04
5.407850232045937440e-04
3.588846063085030934e-04
1.905038149925273325e-03
1.015200975379532741e-03
4.842484071422953036e-04
1.273302918272634391e-03
7.915126248721780560e-04
8.357586722252812210e-04
8.308424447416030674e-04
4.277117910799968633e-04
7.497246912609140763e-04
7.472665775190749995e-04
1.349504444269645229e-03
3.613427200503421702e-04
7.841382836466609342e-04
1.071737591441831181e-03
6.636907102965468232e-04
4.080468811452843576e-04
5.997797530087312610e-04
3.269291276645953123e-04
2.728506253441359487e-04
6.759812790057422071e-04
6.907299614567765592e-04
4.916227483678124255e-04
4.252536773381577866e-04
7.792220561629827806e-04
4.350861323055140394e-04
5.678242743648233715e-04
2.777668528278140481e-04
3.711751750176984230e-04
6.931880751986156360e-04
2.035318178242743851e-03
6.243608904271218119e-04
7.177692126170061868e-04
4.719578384330999740e-04
9.709549280264296841e-04
4.547510422402265451e-04
4.301699048218359401e-04
2.384370329583890638e-04
7.595571462282702749e-04
3.539683788248249941e-04
1.076653818925509334e-03
3.662589475340202695e-04
3.343034688901124884e-04
8.873790608039015078e-04
5.506174781719499426e-04
5.432431369464328207e-04
4.989970895933296558e-04
4.178793361126406105e-04
5.088295445606859629e-04
3.490521513411468406e-04
7.570990324864311982e-04
7.497246912609140763e-04
1.074195705183670366e-03
6.587744828128686697e-04
2.777668528278140481e-04
5.579918193974671729e-04
1.246263667112404655e-03
1.106151183827578039e-03
1.718221505545504575e-03
4.596672697239046444e-04
6.489420278455124711e-04
5.457012506882718975e-04
6.292771179107999654e-04
3.515102650829859173e-04
2.826830803114921474e-04
2.753087390859749713e-04
8.726303783528671556e-04
1.147939117438842235e-03
3.170966726972390595e-04
5.825729568158578321e-04
2.113977817981593549e-04
3.293872414064343349e-04
7.300597813262015706e-04
2.900574215370093777e-04
2.106603476756076319e-03
5.555337056556280961e-04
9.070439707386140134e-04
4.227955635963187098e-04
9.906198379611421898e-04
2.925155352788484002e-04
9.144183119641312437e-04
5.874891842995358772e-04
5.924054117832140308e-04
1.005368520412176433e-03
4.768740659167781276e-04
3.908400849524109287e-04
2.408951467002281134e-04
7.128529851333281417e-04
4.867065208841343262e-04
5.407850232045937440e-04
6.341933453944781189e-04
3.441359238574687412e-04
3.711751750176984230e-04
2.581019428931015424e-04
5.383269094627546672e-04
6.219027766852827351e-04
6.022378667505702294e-04
3.465940375993078180e-04
5.702823881066624483e-04
3.097223314717218834e-04
6.120703217179265365e-04
1.238889325886887533e-03
6.341933453944781189e-04
7.964288523558562096e-04
2.703925116022968720e-04
3.957563124360890280e-04
5.555337056556280961e-04
8.382167859671202977e-04
2.458113741839062128e-04
3.515102650829859173e-04
7.497246912609140763e-04
4.006725399197671816e-04
4.301699048218359401e-04
7.054786439078109114e-04
3.539683788248249941e-04
2.359789192165499870e-04
4.768740659167781276e-04
9.783292692519469144e-04
2.310626917328718606e-04
3.023479902462046531e-04
2.875993077951703009e-04
7.128529851333281417e-04
3.564264925666640708e-04
4.842484071422953036e-04
4.621253834657437212e-04
4.375442460473531162e-04
3.908400849524109287e-04
5.727405018485015251e-04
2.359789192165499870e-04
3.170966726972390595e-04
4.449185872728702923e-04
3.048061039880437298e-04
3.293872414064343349e-04
3.441359238574687412e-04
2.679343978604577952e-04
6.636907102965468232e-04
4.375442460473531162e-04
7.374341225517186925e-04
2.703925116022968720e-04
9.463737906080390248e-04
5.874891842995358772e-04
3.023479902462046531e-04
5.186619995280421615e-04
5.702823881066624483e-04
1.342130103044128107e-03
2.974317627625265538e-04
4.105049948871234344e-04
3.293872414064343349e-04
4.105049948871234344e-04
7.153110988751671100e-04
4.842484071422953036e-04
3.170966726972390595e-04
2.212302367655156077e-04
3.859238574687327752e-04
4.867065208841343262e-04
1.263470463305278084e-03
5.702823881066624483e-04
3.810076299850546759e-04
3.441359238574687412e-04
5.850310705576968005e-04
3.072642177298828066e-04
3.588846063085030934e-04
2.261464642491937342e-04
1.297884055691024942e-03
1.361795012978840504e-03
6.538582553291906246e-04
3.170966726972390595e-04
4.719578384330999740e-04
8.431330134507983428e-04
2.089396680563203052e-04
3.343034688901124884e-04
7.964288523558562096e-04
3.883819712105718519e-04
3.490521513411468406e-04
1.101234956343899885e-03
4.694997246912608973e-04
5.334106819790765137e-04
2.433532604420671631e-04
2.777668528278140481e-04
2.998898765043656305e-04
3.441359238574687412e-04
2.261464642491937342e-04
4.498348147565483916e-04
2.138558955399984317e-04
4.178793361126406105e-04
4.277117910799968633e-04
3.883819712105718519e-04
2.974317627625265538e-04
3.170966726972390595e-04
1.514198064972862396e-03
2.335208054747109374e-04
3.293872414064343349e-04
1.966490993471250027e-04
5.260363407535593918e-04
1.966490993471249702e-03
2.064815543144812285e-04
3.441359238574687412e-04
3.244710139227562355e-04
9.758711555101077292e-04
5.309525682372374369e-04
2.900574215370093777e-04
6.686069377802249768e-04
3.638008337921812469e-04
3.465940375993078180e-04
4.055887674034452809e-04
6.096122079760874597e-04
3.392196963737905877e-04
9.684968142845906073e-04
2.236883505073546845e-04
2.679343978604577952e-04
6.194446629434437667e-04
2.630181703767796959e-04
2.531857154094234431e-04
4.768740659167781276e-04
4.522929284983874683e-04
3.662589475340202695e-04
5.014552033351687326e-04
2.187721230236765581e-04
1.351962558011484360e-04
2.654762841186187185e-04
2.015653268308031237e-03
2.826830803114921474e-04
1.868166443797687499e-04
1.401124832848265624e-04
4.277117910799968633e-04
3.416778101156296645e-04
3.908400849524109287e-04
1.966490993471250027e-04
3.687170612758593462e-04
4.522929284983874683e-04
3.269291276645953123e-04
3.662589475340202695e-04
2.335208054747109374e-04
4.203374498544796872e-04
3.293872414064343349e-04
3.490521513411468406e-04
3.318453551482734116e-04
2.138558955399984317e-04
2.212302367655156077e-04
2.089396680563203052e-04
1.619896955871942155e-03
3.293872414064343349e-04
5.506174781719499426e-04
2.015653268308031021e-04
2.556438291512624656e-04
2.630181703767796959e-04
2.507276016675843663e-04
2.064815543144812285e-04
3.343034688901124884e-04
5.137457720443640080e-04
5.235782270117203150e-04
6.538582553291906246e-04
6.317352316526390421e-04
3.982144261779281048e-04
6.612325965547077465e-04
2.163140092818374813e-04
2.335208054747109374e-04
2.310626917328718606e-04
4.301699048218359401e-04
2.482694879257452895e-04
6.686069377802249768e-04
4.621253834657437212e-04
2.556438291512624656e-04
2.015653268308031021e-04
3.490521513411468406e-04
2.703925116022968720e-04
1.671517344450562442e-04
5.260363407535593918e-04
3.834657437268937526e-04
3.859238574687327752e-04
3.613427200503421702e-04
3.269291276645953123e-04
3.883819712105718519e-04
2.482694879257452895e-04
2.654762841186187185e-04
3.343034688901124884e-04
2.236883505073546845e-04
3.244710139227562355e-04
2.875993077951703009e-04
3.220129001809171588e-04
4.400023597891921387e-04
6.489420278455124711e-04
4.842484071422953036e-04
2.089396680563203052e-04
5.948635255250531075e-04
6.440258003618343175e-04
1.573192794776999913e-04
2.875993077951703009e-04
4.006725399197671816e-04
3.244710139227562355e-04
2.187721230236765581e-04
1.696098481868952939e-04
4.916227483678124255e-04
4.178793361126406105e-04
7.103948713914890649e-04
7.103948713914890649e-04
2.777668528278140481e-04
3.859238574687327752e-04
3.269291276645953123e-04
6.169865492016046900e-04
2.458113741839062128e-04
2.507276016675843663e-04
2.064815543144812285e-04
2.187721230236765581e-04
6.981043026822936811e-04
2.433532604420671631e-04
4.842484071422953036e-04
3.687170612758593462e-04
2.556438291512624656e-04
6.194446629434437667e-04
3.834657437268937526e-04
2.310626917328718606e-04
2.212302367655156077e-04
2.335208054747109374e-04
4.719578384330999740e-04
6.145284354597656132e-04
2.826830803114921474e-04
2.310626917328718606e-04
2.187721230236765581e-04
6.907299614567765592e-04
1.032407771572406169e-03
2.925155352788484002e-04
3.072642177298828066e-04
2.359789192165499870e-04
5.186619995280421615e-04
2.236883505073546845e-04
4.277117910799968633e-04
2.900574215370093777e-04
3.613427200503421702e-04
1.892747581216077995e-04
2.384370329583890638e-04
3.687170612758593462e-04
3.662589475340202695e-04
2.089396680563203052e-04
4.867065208841343262e-04
2.212302367655156077e-04
1.819004168960906235e-04
3.048061039880437298e-04
5.235782270117203150e-04
5.825729568158578321e-04
2.949736490206874770e-04
2.458113741839062453e-03
3.932981986942500055e-04
2.925155352788484002e-04
2.089396680563203052e-04
3.490521513411468406e-04
3.097223314717218834e-04
4.006725399197671816e-04
6.046959804924093062e-04
3.392196963737905877e-04
2.949736490206874770e-04
3.465940375993078180e-04
4.252536773381577866e-04
2.015653268308031021e-04
3.465940375993078180e-04
2.826830803114921474e-04
3.736332887595374998e-04
3.613427200503421702e-04
2.138558955399984317e-04
1.843585306379296731e-04
3.367615826319515651e-04
1.037323999056084323e-03
8.529654684181546499e-04
2.679343978604577952e-04
3.760914025013765223e-04
4.129631086289624570e-04
4.277117910799968633e-04
4.252536773381577866e-04
3.662589475340202695e-04
3.343034688901124884e-04
4.572091559820656219e-04
3.121804452135609059e-04
2.753087390859749713e-04
4.621253834657437212e-04
4.227955635963187098e-04
1.794423031542515467e-04
1.941909856052859260e-04
1.548611657358609417e-04
2.654762841186187185e-04
5.457012506882718975e-04
1.548611657358609417e-04
2.482694879257452895e-04
2.138558955399984317e-04
1.425705970266656121e-04
4.129631086289624570e-04
3.170966726972390595e-04
4.178793361126406105e-04
2.089396680563203052e-04
4.842484071422953036e-04
6.636907102965468232e-04
3.490521513411468406e-04
6.268190041689608886e-04
2.900574215370093777e-04
1.474868245103437385e-04
8.603398096436718531e-05
3.072642177298828066e-04
2.384370329583890638e-04
1.892747581216077995e-04
1.698556595610792178e-03
3.588846063085030934e-04
1.745260756705734203e-04
4.522929284983874683e-04
2.654762841186187185e-04
4.817902934004562269e-04
3.490521513411468406e-04
1.622355069613781178e-04
2.286045779910328109e-04
1.524030519940218649e-04
2.925155352788484002e-04
1.646936207032171674e-04
9.832454967356250137e-05
2.531857154094234431e-04
2.015653268308031021e-04
3.441359238574687412e-04
2.040234405726421788e-04
3.834657437268937526e-04
2.630181703767796959e-04
2.433532604420671631e-04
4.916227483678124255e-04
3.416778101156296645e-04
1.130732321245968671e-04
4.375442460473531162e-04
1.769841894124124970e-04
3.121804452135609059e-04
1.425705970266656121e-04
2.703925116022968720e-04
5.506174781719499426e-04
1.696098481868952939e-04
2.384370329583890638e-04
1.597773932195390410e-04
1.376543695429874857e-04
2.040234405726421788e-04
1.302800283174703096e-04
1.843585306379296731e-04
1.327381420593093592e-04
1.597773932195390410e-04
1.524030519940218649e-04
1.794423031542515467e-04
2.458113741839062128e-04
1.130732321245968671e-04
2.212302367655156077e-04
2.753087390859749713e-04
2.753087390859749713e-04
3.146385589553999827e-04
2.851411940533312241e-04
2.556438291512624656e-04
1.892747581216077995e-04
3.490521513411468406e-04
1.646936207032171674e-04
1.597773932195390410e-04
8.849209470620624852e-05
4.645834972075827980e-04
3.416778101156296645e-04
3.293872414064343349e-04
1.450287107685046888e-04
2.531857154094234431e-04
2.531857154094234431e-04
1.499449382521828153e-04
1.351962558011484360e-04
3.269291276645953123e-04
2.163140092818374813e-04
1.327381420593093592e-04
4.375442460473531162e-04
1.892747581216077995e-04
2.113977817981593549e-04
7.865963973884999567e-05
1.573192794776999913e-04
1.524030519940218649e-04
1.524030519940218649e-04
2.507276016675843663e-04
2.113977817981593549e-04
2.630181703767796959e-04
1.450287107685046888e-04
1.499449382521828153e-04
2.777668528278140481e-04
4.817902934004562269e-04
2.482694879257452895e-04
1.056988908990796774e-04
2.335208054747109374e-04
4.129631086289624570e-04
1.597773932195390410e-04
3.392196963737905877e-04
1.155313458664359303e-04
2.802249665696531248e-04
1.425705970266656121e-04
2.556438291512624656e-04
2.531857154094234431e-04
3.810076299850546759e-04
5.973216392668921843e-04
2.482694879257452895e-04
2.408951467002281134e-04
1.892747581216077995e-04
3.539683788248249941e-04
2.236883505073546845e-04
1.521572406198379518e-03
1.342130103044128107e-03
2.605600566349406191e-04
1.573192794776999913e-04
1.819004168960906235e-04
1.622355069613781178e-04
3.293872414064343349e-04
2.163140092818374813e-04
7.398922362935577693e-04
2.654762841186187185e-04
4.891646346259734572e-04
1.794423031542515467e-04
2.605600566349406191e-04
1.155313458664359303e-04
2.359789192165499870e-04
4.719578384330999740e-04
2.040234405726421788e-04
1.179894596082749935e-04
1.941909856052859260e-04
1.548611657358609417e-04
1.917328718634468763e-04
6.341933453944781189e-04
1.769841894124124970e-04
1.081570046409187407e-04
1.474868245103437385e-04
3.613427200503421702e-04
1.696098481868952939e-04
1.302800283174703096e-04
2.286045779910328109e-04
1.155313458664359303e-04
5.850310705576968005e-04
1.474868245103437385e-04
1.278219145756312328e-04
1.696098481868952939e-04
2.310626917328718606e-04
1.696098481868952939e-04
1.376543695429874857e-04
3.490521513411468406e-04
1.425705970266656121e-04
2.974317627625265538e-04
1.253638008337921831e-04
3.859238574687327752e-04
2.433532604420671631e-04
1.376543695429874857e-04
1.991072130889640524e-04
5.629080468811453264e-04
1.130732321245968671e-04
2.654762841186187185e-04
2.138558955399984317e-04
1.351962558011484360e-04
1.843585306379296731e-04
2.900574215370093777e-04
4.154212223708015337e-04
2.212302367655156077e-04
1.401124832848265624e-04
2.753087390859749713e-04
1.450287107685046888e-04
1.794423031542515467e-04
1.671517344450562442e-04
1.253638008337921831e-04
8.357586722252812210e-05
9.586643593172343816e-05
2.851411940533312241e-04
1.843585306379296731e-04
1.192185164791945183e-03
1.622355069613781178e-04
3.048061039880437298e-04
1.474868245103437385e-04
1.007826634154015510e-04
1.991072130889640524e-04
8.849209470620624852e-05
4.400023597891921387e-04
9.119601982222921670e-04
1.646936207032171674e-04
1.179894596082749935e-04
3.023479902462046531e-04
2.015653268308031021e-04
3.883819712105718519e-04
2.605600566349406191e-04
1.130732321245968671e-04
1.474868245103437385e-04
9.095020844804531173e-05
1.769841894124124970e-04
2.064815543144812285e-04
2.875993077951703009e-04
1.474868245103437385e-04
3.244710139227562355e-04
1.130732321245968671e-04
1.794423031542515467e-04
1.597773932195390410e-04
8.800047195783842775e-04
1.474868245103437385e-04
1.917328718634468763e-04
1.229056870919531064e-04
2.089396680563203052e-04
6.636907102965468232e-04
3.293872414064343349e-04
2.581019428931015424e-04
1.548611657358609417e-04
3.072642177298828066e-04
1.548611657358609417e-04
2.113977817981593549e-04
1.229056870919531064e-04
2.654762841186187185e-04
2.015653268308031021e-04
1.966490993471250027e-04
3.957563124360890280e-04
1.573192794776999913e-04
2.113977817981593549e-04
1.056988908990796774e-04
1.720679619287343706e-04
5.137457720443640080e-04
1.548611657358609417e-04
7.202273263588452636e-04
2.310626917328718606e-04
1.720679619287343706e-04
3.220129001809171588e-04
2.335208054747109374e-04
1.302800283174703096e-04
5.924054117832140308e-04
2.015653268308031021e-04
2.900574215370093777e-04
4.473767010147093690e-04
1.179894596082749935e-04
2.335208054747109374e-04
1.769841894124124970e-04
3.932981986942500055e-04
4.400023597891921387e-04
3.416778101156296645e-04
3.662589475340202695e-04
3.269291276645953123e-04
2.310626917328718606e-04
1.278219145756312328e-04
2.802249665696531248e-04
2.015653268308031021e-04
1.106151183827578039e-04
2.187721230236765581e-04
1.317548965625737339e-03
2.605600566349406191e-04
1.130732321245968671e-04
1.892747581216077995e-04
4.252536773381577866e-04
4.572091559820656219e-04
1.892747581216077995e-04
4.105049948871234344e-04
4.227955635963187098e-04
3.908400849524109287e-04
1.351962558011484360e-04
2.507276016675843663e-04
2.310626917328718606e-04
2.408951467002281134e-04
1.032407771572406142e-04
2.703925116022968720e-04
2.974317627625265538e-04
1.253638008337921831e-04
2.212302367655156077e-04
3.662589475340202695e-04
1.720679619287343706e-04
2.826830803114921474e-04
3.441359238574687412e-04
1.941909856052859260e-04
1.524030519940218649e-04
1.007826634154015510e-04
6.194446629434437667e-04
2.335208054747109374e-04
5.284944544953983601e-04
2.581019428931015424e-04
1.646936207032171674e-04
1.351962558011484360e-04
1.843585306379296731e-04
2.826830803114921474e-04
1.425705970266656121e-04
3.121804452135609059e-04
1.425705970266656121e-04
1.056988908990796774e-04
2.458113741839062128e-04
2.335208054747109374e-04
1.425705970266656121e-04
1.007826634154015510e-04
3.146385589553999827e-04
4.965389758514905790e-04
1.032407771572406142e-04
1.991072130889640524e-04
7.128529851333280604e-05
2.433532604420671631e-04
1.991072130889640524e-04
5.948635255250531075e-04
1.179894596082749935e-04
1.450287107685046888e-04
1.573192794776999913e-04
2.138558955399984317e-04
1.622355069613781178e-04
8.111775348068905888e-05
2.286045779910328109e-04
8.849209470620624852e-05
1.081570046409187407e-04
3.564264925666640708e-04
1.130732321245968671e-04
9.832454967356250137e-05
9.832454967356250137e-05
1.720679619287343706e-04
1.130732321245968671e-04
1.278219145756312328e-04
2.654762841186187185e-04
7.865963973885000109e-04
2.728506253441359487e-04
1.646936207032171674e-04
3.072642177298828066e-04
2.826830803114921474e-04
1.253638008337921831e-04
3.318453551482734116e-04
1.474868245103437385e-04
3.834657437268937526e-04
3.687170612758593462e-04
1.646936207032171674e-04
1.204475733501140567e-04
2.654762841186187185e-04
5.776567293321796786e-04
5.334106819790765137e-04
8.603398096436718531e-05
1.130732321245968671e-04
3.711751750176984230e-04
1.130732321245968671e-04
6.415676866199952408e-04
2.236883505073546845e-04
1.548611657358609417e-04
2.851411940533312241e-04
1.351962558011484360e-04
2.384370329583890638e-04
8.603398096436718531e-05
1.278219145756312328e-04
2.753087390859749713e-04
1.548611657358609417e-04
2.040234405726421788e-04
1.401124832848265624e-04
1.917328718634468763e-04
4.891646346259734572e-04
1.155313458664359303e-04
4.916227483678124255e-04
2.949736490206874770e-04
3.613427200503421702e-04
1.868166443797687499e-04
3.834657437268937526e-04
2.040234405726421788e-04
1.106151183827578039e-04
1.843585306379296731e-04
1.351962558011484360e-04
1.278219145756312328e-04
9.095020844804531173e-05
3.343034688901124884e-04
2.015653268308031021e-04
2.113977817981593549e-04
9.586643593172343816e-05
2.163140092818374813e-04
1.548611657358609417e-04
9.832454967356250137e-05
6.341933453944781189e-04
2.064815543144812285e-04
6.243608904271218119e-04
1.229056870919531064e-04
1.007826634154015510e-04
1.794423031542515467e-04
1.597773932195390410e-04
3.638008337921812469e-04
6.391095728781561640e-05
1.991072130889640524e-04
1.155313458664359303e-04
1.106151183827578039e-04
1.524030519940218649e-04
1.671517344450562442e-04
2.507276016675843663e-04
1.351962558011484360e-04
2.187721230236765581e-04
1.769841894124124970e-04
1.573192794776999913e-04
4.326280185636749626e-04
1.843585306379296731e-04
1.376543695429874857e-04
5.653661606229842948e-04
1.524030519940218649e-04
1.671517344450562442e-04
7.865963973884999567e-05
6.882718477149374283e-05
1.794423031542515467e-04
1.966490993471250027e-04
2.163140092818374813e-04
1.794423031542515467e-04
2.236883505073546845e-04
1.499449382521828153e-04
8.111775348068905888e-05
4.055887674034452809e-04
6.145284354597655319e-05
2.605600566349406191e-04
1.253638008337921831e-04
8.849209470620624852e-05
9.340832218988437494e-05
1.292967828207346789e-03
2.507276016675843663e-04
2.507276016675843663e-04
6.022378667505702294e-04
1.106151183827578039e-04
1.548611657358609417e-04
1.597773932195390410e-04
1.499449382521828153e-04
1.425705970266656121e-04
6.046959804924093062e-04
5.235782270117203150e-04
2.630181703767796959e-04
8.849209470620624852e-05
4.793321796586171501e-04
1.155313458664359303e-04
8.357586722252812210e-05
4.154212223708015337e-04
3.392196963737905877e-04
1.302800283174703096e-04
2.064815543144812285e-04
2.851411940533312241e-04
1.106151183827578039e-04
1.007826634154015510e-04
1.450287107685046888e-04
3.490521513411468406e-04
2.384370329583890638e-04
2.163140092818374813e-04
1.155313458664359303e-04
2.138558955399984317e-04
1.106151183827578039e-04
3.515102650829859173e-04
1.253638008337921831e-04
6.808975064894202522e-04
2.728506253441359487e-04
1.253638008337921831e-04
5.899472980413749675e-05
1.229056870919531064e-04
1.056988908990796774e-04
1.302800283174703096e-04
1.745260756705734203e-04
3.367615826319515651e-04
1.204475733501140567e-04
2.605600566349406191e-04
1.819004168960906235e-04
1.327381420593093592e-04
1.327381420593093592e-04
4.940808621096515023e-04
2.015653268308031021e-04
1.425705970266656121e-04
1.179894596082749935e-04
1.646936207032171674e-04
2.187721230236765581e-04
9.832454967356250137e-05
3.293872414064343349e-04
2.408951467002281134e-04
7.374341225517186925e-05
1.155313458664359303e-04
2.384370329583890638e-04
1.769841894124124970e-04
3.760914025013765223e-04
2.236883505073546845e-04
1.056988908990796774e-04
1.376543695429874857e-04
5.899472980413749675e-05
1.155313458664359303e-04
1.892747581216077995e-04
7.374341225517186925e-05
1.155313458664359303e-04
1.007826634154015510e-04
2.482694879257452895e-04
1.696098481868952939e-04
7.374341225517186925e-05
1.032407771572406142e-04
2.408951467002281134e-04
1.671517344450562442e-04
2.335208054747109374e-04
2.556438291512624656e-04
7.620152599701093246e-05
1.573192794776999913e-04
7.374341225517186925e-05
1.056988908990796774e-04
2.482694879257452895e-04
1.032407771572406142e-04
1.229056870919531064e-04
1.819004168960906235e-04
9.586643593172343816e-05
8.603398096436718531e-05
4.178793361126406105e-04
3.195547864390780820e-04
1.524030519940218649e-04
5.653661606229843354e-05
9.832454967356250137e-05
4.129631086289624570e-04
1.941909856052859260e-04
9.095020844804531173e-05
2.507276016675843663e-04
8.849209470620624852e-05
1.106151183827578039e-04
2.335208054747109374e-04
1.401124832848265624e-04
7.374341225517186925e-05
8.210099897742468688e-04
4.203374498544796872e-04
4.817902934004562269e-04
1.868166443797687499e-04
1.032407771572406142e-04
1.007826634154015510e-04
5.211201132698812383e-04
5.407850232045937033e-05
5.653661606229843354e-05
8.849209470620624852e-05
1.302800283174703096e-04
1.229056870919531064e-04
2.654762841186187185e-04
8.357586722252812210e-05
1.179894596082749935e-04
8.111775348068905888e-05
1.081570046409187407e-04
1.007826634154015510e-04
9.095020844804531173e-05
1.819004168960906235e-04
1.745260756705734203e-04
1.966490993471250027e-04
1.892747581216077995e-04
7.620152599701093246e-05
1.130732321245968671e-04
1.966490993471250027e-04
8.603398096436718531e-05
1.253638008337921831e-04
9.340832218988437494e-05
2.408951467002281134e-04
5.407850232045937033e-05
7.865963973884999567e-05
1.966490993471250027e-04
1.868166443797687499e-04
6.636907102965467961e-05
8.603398096436718531e-05
1.204475733501140567e-04
1.130732321245968671e-04
6.636907102965467961e-05
8.111775348068905888e-05
1.204475733501140567e-04
1.155313458664359303e-04
2.531857154094234431e-04
1.499449382521828153e-04
3.097223314717218834e-04
1.671517344450562442e-04
2.605600566349406191e-04
7.620152599701093246e-05
2.630181703767796959e-04
9.832454967356250137e-05
1.081570046409187407e-04
2.089396680563203052e-04
8.111775348068905888e-05
5.727405018485015251e-04
8.849209470620624852e-05
1.376543695429874857e-04
3.957563124360890280e-04
2.507276016675843663e-04
1.253638008337921831e-04
1.056988908990796774e-04
1.450287107685046888e-04
1.130732321245968671e-04
8.849209470620624852e-05
8.357586722252812210e-05
5.211201132698812383e-04
1.819004168960906235e-04
1.622355069613781178e-04
1.376543695429874857e-04
7.620152599701093246e-05
8.849209470620624852e-05
9.095020844804531173e-05
7.128529851333280604e-05
2.458113741839062128e-04
7.865963973884999567e-05
2.826830803114921474e-04
1.548611657358609417e-04
1.622355069613781178e-04
9.340832218988437494e-05
2.384370329583890638e-04
1.229056870919531064e-04
3.220129001809171588e-04
5.751986155903406018e-04
1.179894596082749935e-04
1.548611657358609417e-04
7.865963973884999567e-05
7.865963973884999567e-05
1.007826634154015510e-04
1.499449382521828153e-04
2.089396680563203052e-04
5.407850232045937033e-05
2.949736490206874770e-04
9.586643593172343816e-05
1.007826634154015510e-04
2.408951467002281134e-04
6.882718477149374283e-05
8.357586722252812210e-05
2.138558955399984317e-04
1.229056870919531064e-04
2.679343978604577952e-04
1.868166443797687499e-04
1.302800283174703096e-04
8.603398096436718531e-05
1.376543695429874857e-04
2.777668528278140481e-04
1.819004168960906235e-04
1.253638008337921831e-04
1.941909856052859260e-04
1.327381420593093592e-04
1.425705970266656121e-04
3.343034688901124884e-04
1.646936207032171674e-04
1.032407771572406142e-04
8.357586722252812210e-05
9.586643593172343816e-05
1.155313458664359303e-04
1.917328718634468763e-04
8.849209470620624852e-05
6.636907102965467961e-05
1.843585306379296731e-04
1.130732321245968671e-04
4.916227483678125068e-05
1.548611657358609417e-04
1.450287107685046888e-04
1.179894596082749935e-04
9.586643593172343816e-05
7.620152599701093246e-05
2.089396680563203052e-04
2.040234405726421788e-04
3.932981986942499784e-05
1.524030519940218649e-04
8.111775348068905888e-05
5.653661606229843354e-05
7.620152599701093246e-05
1.646936207032171674e-04
5.407850232045937033e-05
2.949736490206874770e-04
1.524030519940218649e-04
7.128529851333280604e-05
1.056988908990796774e-04
1.991072130889640524e-04
1.794423031542515467e-04
2.236883505073546845e-04
8.849209470620624852e-05
6.145284354597655319e-05
1.769841894124124970e-04
9.095020844804531173e-05
1.229056870919531064e-04
7.374341225517187094e-06
1.769841894124124970e-04
3.687170612758593462e-05
1.646936207032171674e-04
1.351962558011484360e-04
3.588846063085030934e-04
1.499449382521828153e-04
3.441359238574687412e-04
1.597773932195390410e-04
1.991072130889640524e-04
2.408951467002281134e-04
2.630181703767796959e-04
3.121804452135609059e-04
8.603398096436718531e-05
2.163140092818374813e-04
7.374341225517186925e-05
1.843585306379296731e-04
5.653661606229843354e-05
7.865963973884999567e-05
8.849209470620624852e-05
6.391095728781561640e-05
7.128529851333280604e-05
1.106151183827578039e-04
6.882718477149374283e-05
2.212302367655156077e-04
1.327381420593093592e-04
1.278219145756312328e-04
1.794423031542515467e-04
8.849209470620624852e-05
7.865963973884999567e-05
1.327381420593093592e-04
2.359789192165499870e-04
9.095020844804531173e-05
6.882718477149374283e-05
1.130732321245968671e-04
6.145284354597655319e-05
1.081570046409187407e-04
1.376543695429874857e-04
1.302800283174703096e-04
6.391095728781561640e-05
2.458113741839062365e-06
1.056988908990796774e-04
1.843585306379296731e-04
1.524030519940218649e-04
7.865963973884999567e-05
7.374341225517187094e-06
8.603398096436718531e-05
2.089396680563203052e-04
5.407850232045937033e-05
6.341933453944781189e-04
8.849209470620624852e-05
1.892747581216077995e-04
1.401124832848265624e-04
1.868166443797687499e-04
1.278219145756312328e-04
2.212302367655156077e-04
5.801148430740187554e-04
1.081570046409187407e-04
7.865963973884999567e-05
1.351962558011484360e-04
5.899472980413749675e-05
1.007826634154015510e-04
3.343034688901124884e-04
8.111775348068905888e-05
6.145284354597655319e-05
3.810076299850546759e-04
8.357586722252812210e-05
1.450287107685046888e-04
1.376543695429874857e-04
1.007826634154015510e-04
1.646936207032171674e-04
2.113977817981593549e-04
6.145284354597655319e-05
6.391095728781561640e-05
2.089396680563203052e-04
2.458113741839062128e-04
1.056988908990796774e-04
9.832454967356250137e-05
1.155313458664359303e-04
7.620152599701093246e-05
1.130732321245968671e-04
6.391095728781561640e-05
2.089396680563203052e-04
1.450287107685046888e-04
6.882718477149374283e-05
5.407850232045937033e-05
2.138558955399984317e-04
3.908400849524109287e-04
1.376543695429874857e-04
2.236883505073546845e-04
1.130732321245968671e-04
1.056988908990796774e-04
1.868166443797687499e-04
1.007826634154015510e-04
1.130732321245968671e-04
1.646936207032171674e-04
8.111775348068905888e-05
2.335208054747109374e-04
8.111775348068905888e-05
1.966490993471250027e-04
5.899472980413749675e-05
7.865963973884999567e-05
2.949736490206874838e-05
1.941909856052859260e-04
2.605600566349406191e-04
1.401124832848265624e-04
1.229056870919531064e-04
6.636907102965467961e-05
7.620152599701093246e-05
1.229056870919531064e-04
1.892747581216077995e-04
5.899472980413749675e-05
1.327381420593093592e-04
1.130732321245968671e-04
1.327381420593093592e-04
7.865963973884999567e-05
4.916227483678125068e-05
6.391095728781561640e-05
1.007826634154015510e-04
6.636907102965467961e-05
1.179894596082749935e-04
1.056988908990796774e-04
5.899472980413749675e-05
1.597773932195390410e-04
2.138558955399984317e-04
3.490521513411468406e-04
9.832454967356250137e-05
7.865963973884999567e-05
1.401124832848265624e-04
1.278219145756312328e-04
1.548611657358609417e-04
1.179894596082749935e-04
2.310626917328718606e-04
1.868166443797687499e-04
1.179894596082749935e-04
2.236883505073546845e-04
2.900574215370093777e-04
9.095020844804531173e-05
1.155313458664359303e-04
7.374341225517186925e-05
1.720679619287343706e-04
6.391095728781561640e-05
1.327381420593093592e-04
2.703925116022968517e-05
1.351962558011484360e-04
2.212302367655156077e-04
8.111775348068905888e-05
1.401124832848265624e-04
1.032407771572406142e-04
4.178793361126406105e-05
3.711751750176984230e-04
8.357586722252812210e-05
4.178793361126406105e-05
8.849209470620624852e-05
5.653661606229843354e-05
8.849209470620624852e-05
7.620152599701093246e-05
6.391095728781561640e-05
6.391095728781561640e-05
1.007826634154015510e-04
5.653661606229842948e-04
1.179894596082749935e-04
1.524030519940218649e-04
5.899472980413749675e-05
1.966490993471250027e-04
2.040234405726421788e-04
5.653661606229843354e-05
5.653661606229843354e-05
5.653661606229843354e-05
5.899472980413749675e-05
7.128529851333280604e-05
2.359789192165499870e-04
8.603398096436718531e-05
9.340832218988437494e-05
9.340832218988437494e-05
1.229056870919531064e-04
5.899472980413749675e-05
6.391095728781561640e-05
1.351962558011484360e-04
4.670416109494218747e-05
6.882718477149374283e-05
1.007826634154015510e-04
8.111775348068905888e-05
1.081570046409187407e-04
2.974317627625265538e-04
1.130732321245968671e-04
2.261464642491937342e-04
1.622355069613781178e-04
1.229056870919531064e-04
8.357586722252812210e-05
1.474868245103437385e-04
1.868166443797687499e-04
4.916227483678125068e-05
8.111775348068905888e-05
9.340832218988437494e-05
5.653661606229843354e-05
1.401124832848265624e-04
3.146385589553999827e-04
5.899472980413749675e-05
1.401124832848265624e-04
1.696098481868952939e-04
1.130732321245968671e-04
1.376543695429874857e-04
7.620152599701093246e-05
3.343034688901124884e-04
1.032407771572406142e-04
7.620152599701093246e-05
6.145284354597655319e-05
1.819004168960906235e-04
7.374341225517186925e-05
4.670416109494218747e-05
7.374341225517186925e-05
1.794423031542515467e-04
4.670416109494218747e-05
1.745260756705734203e-04
1.622355069613781178e-04
6.145284354597655319e-05
1.032407771572406142e-04
2.163140092818374813e-04
4.424604735310312426e-05
4.203374498544796872e-04
5.407850232045937033e-05
2.408951467002281134e-04
4.916227483678125068e-05
8.111775348068905888e-05
6.636907102965467961e-05
5.653661606229843354e-05
6.391095728781561640e-05
5.653661606229843354e-05
6.391095728781561640e-05
1.499449382521828153e-04
9.095020844804531173e-05
1.155313458664359303e-04
1.253638008337921831e-04
7.374341225517186925e-05
1.032407771572406142e-04
6.391095728781561640e-05
1.204475733501140567e-04
3.687170612758593462e-04
7.865963973884999567e-05
7.374341225517186925e-05
1.548611657358609417e-04
1.081570046409187407e-04
1.278219145756312328e-04
3.441359238574687141e-05
1.450287107685046888e-04
5.407850232045937033e-05
1.302800283174703096e-04
5.162038857862030712e-05
9.586643593172343816e-05
7.374341225517186925e-05
7.128529851333280604e-05
7.620152599701093246e-05
1.204475733501140567e-04
1.229056870919531064e-04
1.106151183827578039e-04
1.450287107685046888e-04
3.023479902462046531e-04
2.040234405726421788e-04
5.162038857862030712e-05
6.636907102965467961e-05
1.007826634154015510e-04
5.899472980413749675e-05
1.401124832848265624e-04
2.581019428931015424e-04
4.670416109494218747e-05
1.819004168960906235e-04
1.302800283174703096e-04
1.499449382521828153e-04
7.374341225517186925e-05
7.865963973884999567e-05
1.376543695429874857e-04
8.357586722252812210e-05
7.865963973884999567e-05
3.687170612758593462e-05
4.916227483678125068e-05
8.603398096436718531e-05
1.007826634154015510e-04
5.604499331393062497e-04
7.128529851333280604e-05
2.261464642491937342e-04
1.917328718634468763e-04
1.155313458664359303e-04
9.832454967356250137e-05
5.899472980413749675e-05
1.327381420593093592e-04
7.128529851333280604e-05
1.081570046409187407e-04
4.449185872728702923e-04
1.819004168960906235e-04
2.802249665696531248e-04
6.145284354597655319e-05
1.524030519940218649e-04
9.095020844804531173e-05
1.130732321245968671e-04
1.868166443797687499e-04
2.064815543144812285e-04
4.227955635963187098e-04
4.916227483678124730e-06
1.597773932195390410e-04
5.899472980413749675e-05
1.720679619287343706e-04
7.128529851333280604e-05
1.056988908990796774e-04
5.899472980413749675e-05
1.204475733501140567e-04
6.391095728781561640e-05
3.121804452135609059e-04
7.620152599701093246e-05
6.145284354597655319e-05
8.357586722252812210e-05
1.081570046409187407e-04
4.670416109494218747e-05
6.391095728781561640e-05
2.310626917328718606e-04
1.106151183827578039e-04
1.007826634154015510e-04
5.899472980413749675e-05
7.128529851333280604e-05
8.357586722252812210e-05
5.162038857862030712e-05
4.178793361126406105e-05
8.357586722252812210e-05
2.089396680563203052e-04
1.524030519940218649e-04
6.145284354597655319e-05
5.162038857862030712e-05
3.269291276645953123e-04
7.374341225517186925e-05
9.832454967356250137e-05
1.425705970266656121e-04
6.145284354597655319e-05
2.064815543144812285e-04
2.064815543144812285e-04
4.670416109494218747e-05
6.882718477149374283e-05
4.916227483678125068e-05
5.407850232045937033e-05
6.391095728781561640e-05
3.269291276645953123e-04
1.081570046409187407e-04
9.095020844804531173e-05
3.932981986942499784e-05
1.081570046409187407e-04
7.128529851333280604e-05
1.966490993471250027e-04
1.204475733501140567e-04
1.474868245103437385e-04
1.056988908990796774e-04
5.162038857862030712e-05
8.357586722252812210e-05
6.636907102965467961e-05
1.179894596082749935e-04
5.407850232045937033e-05
1.450287107685046888e-04
8.111775348068905888e-05
7.128529851333280604e-05
6.882718477149374283e-05
3.687170612758593462e-05
7.128529851333280604e-05
1.524030519940218649e-04
8.603398096436718531e-05
1.081570046409187407e-04
4.670416109494218747e-05
7.374341225517186925e-05
6.440258003618343175e-04
4.916227483678125068e-05
4.916227483678125068e-05
4.916227483678125068e-05
4.916227483678125068e-05
7.128529851333280604e-05
4.178793361126406105e-05
7.374341225517186925e-05
4.916227483678125068e-05
6.391095728781561640e-05
3.220129001809171588e-04
6.145284354597655319e-05
5.407850232045937033e-05
9.832454967356250137e-05
1.056988908990796774e-04
1.302800283174703096e-04
1.597773932195390410e-04
5.407850232045937033e-05
1.720679619287343706e-04
2.949736490206874838e-05
3.613427200503421702e-04
1.696098481868952939e-04
1.401124832848265624e-04
8.849209470620624852e-05
5.653661606229843354e-05
5.162038857862030712e-05
1.007826634154015510e-04
6.391095728781561640e-05
5.653661606229843354e-05
3.195547864390780820e-05
2.064815543144812285e-04
6.636907102965467961e-05
2.605600566349406191e-04
8.603398096436718531e-05
2.015653268308031021e-04
3.932981986942499784e-05
1.204475733501140567e-04
1.499449382521828153e-04
6.882718477149374283e-05
5.407850232045937033e-05
6.636907102965467961e-05
5.162038857862030712e-05
5.653661606229843354e-05
1.499449382521828153e-04
9.340832218988437494e-05
7.374341225517186925e-05
1.130732321245968671e-04
9.340832218988437494e-05
1.229056870919531064e-04
1.573192794776999913e-04
3.932981986942499784e-05
7.128529851333280604e-05
1.130732321245968671e-04
1.179894596082749935e-04
4.424604735310312426e-05
8.603398096436718531e-05
8.111775348068905888e-05
4.203374498544796872e-04
8.357586722252812210e-05
2.310626917328718606e-04
3.687170612758593462e-05
2.949736490206874838e-05
1.327381420593093592e-04
2.212302367655156213e-05
8.849209470620624852e-05
2.212302367655156213e-05
5.407850232045937033e-05
1.302800283174703096e-04
7.374341225517186925e-05
5.899472980413749675e-05
1.548611657358609417e-04
9.095020844804531173e-05
1.106151183827578039e-04
4.916227483678125068e-05
1.425705970266656121e-04
6.882718477149374283e-05
1.499449382521828153e-04
1.155313458664359303e-04
3.932981986942499784e-05
1.646936207032171674e-04
6.145284354597655319e-05
8.357586722252812210e-05
1.081570046409187407e-04
9.095020844804531173e-05
6.145284354597655319e-05
5.899472980413749675e-05
5.162038857862030712e-05
8.357586722252812210e-05
2.753087390859749713e-04
1.253638008337921831e-04
5.407850232045937033e-05
7.620152599701093246e-05
6.882718477149374283e-05
8.603398096436718531e-05
1.007826634154015510e-04
5.407850232045937033e-05
9.340832218988437494e-05
3.269291276645953123e-04
1.450287107685046888e-04
1.499449382521828153e-04
5.653661606229843354e-05
4.424604735310312426e-05
5.653661606229843354e-05
1.351962558011484360e-04
5.162038857862030712e-05
5.899472980413749675e-05
1.892747581216077995e-04
4.178793361126406105e-05
5.899472980413749675e-05
4.424604735310312426e-05
8.357586722252812210e-05
6.882718477149374283e-05
5.162038857862030712e-05
1.351962558011484360e-04
2.212302367655156213e-05
3.932981986942499784e-05
7.620152599701093246e-05
6.882718477149374283e-05
4.916227483678125068e-05
1.966490993471249892e-05
8.603398096436718531e-05
1.892747581216077995e-04
1.573192794776999913e-04
6.391095728781561640e-05
1.450287107685046888e-04
1.696098481868952939e-04
4.178793361126406105e-05
6.391095728781561640e-05
4.424604735310312426e-05
8.357586722252812210e-05
4.670416109494218747e-05
4.178793361126406105e-05
9.095020844804531173e-05
2.286045779910328109e-04
8.111775348068905888e-05
7.374341225517186925e-05
6.145284354597655319e-05
1.278219145756312328e-04
1.302800283174703096e-04
4.916227483678125068e-05
3.687170612758593462e-05
3.121804452135609059e-04
9.340832218988437494e-05
5.899472980413749675e-05
5.407850232045937033e-05
1.917328718634468763e-04
7.128529851333280604e-05
3.441359238574687141e-05
8.357586722252812210e-05
5.162038857862030712e-05
5.899472980413749675e-05
2.458113741839062365e-06
7.865963973884999567e-05
3.244710139227562355e-04
8.849209470620624852e-05
4.424604735310312426e-05
1.007826634154015510e-04
2.261464642491937342e-04
3.441359238574687141e-05
8.111775348068905888e-05
2.949736490206874838e-05
4.424604735310312426e-05
2.728506253441359487e-04
6.636907102965467961e-05
2.556438291512624656e-04
4.670416109494218747e-05
4.670416109494218747e-05
3.687170612758593462e-05
3.441359238574687141e-05
1.204475733501140567e-04
1.106151183827578039e-04
1.179894596082749935e-04
2.064815543144812285e-04
8.849209470620624852e-05
4.424604735310312426e-05
7.620152599701093246e-05
1.425705970266656121e-04
1.597773932195390410e-04
2.212302367655156213e-05
6.882718477149374283e-05
4.916227483678125068e-05
4.670416109494218747e-05
5.653661606229842948e-04
1.474868245103437419e-05
2.138558955399984317e-04
8.849209470620624852e-05
5.899472980413749675e-05
6.391095728781561640e-05
3.195547864390780820e-05
1.302800283174703096e-04
4.424604735310312426e-05
1.892747581216077995e-04
4.670416109494218747e-05
1.081570046409187407e-04
6.882718477149374283e-05
1.425705970266656121e-04
6.882718477149374283e-05
5.653661606229843354e-05
4.916227483678125068e-05
5.899472980413749675e-05
8.357586722252812210e-05
4.178793361126406105e-05
5.899472980413749675e-05
3.932981986942499784e-05
1.130732321245968671e-04
4.178793361126406105e-05
4.178793361126406105e-05
3.441359238574687141e-05
2.113977817981593549e-04
4.178793361126406105e-05
1.794423031542515467e-04
5.162038857862030712e-05
5.899472980413749675e-05
1.106151183827578039e-04
3.195547864390780820e-05
2.949736490206874838e-05
2.015653268308031021e-04
5.407850232045937033e-05
4.670416109494218747e-05
4.916227483678125068e-05
4.916227483678125068e-05
1.868166443797687499e-04
1.622355069613781178e-04
8.357586722252812210e-05
1.278219145756312328e-04
6.391095728781561640e-05
1.499449382521828153e-04
6.145284354597655319e-05
4.498348147565483916e-04
8.849209470620624852e-05
2.261464642491937342e-04
3.195547864390780820e-05
1.106151183827578039e-04
1.155313458664359303e-04
4.424604735310312426e-05
4.916227483678125068e-05
1.278219145756312328e-04
6.636907102965467961e-05
3.195547864390780820e-05
9.586643593172343816e-05
6.636907102965467961e-05
4.178793361126406105e-05
7.620152599701093246e-05
3.932981986942499784e-05
9.095020844804531173e-05
4.916227483678125068e-05
3.392196963737905877e-04
1.056988908990796774e-04
1.229056870919531064e-04
6.391095728781561640e-05
3.687170612758593462e-05
1.130732321245968671e-04
7.620152599701093246e-05
4.670416109494218747e-05
6.391095728781561640e-05
5.407850232045937033e-05
6.391095728781561640e-05
1.253638008337921831e-04
8.111775348068905888e-05
1.007826634154015510e-04
9.095020844804531173e-05
3.195547864390780820e-05
4.424604735310312426e-05
4.178793361126406105e-05
5.407850232045937033e-05
5.899472980413749675e-05
5.260363407535593918e-04
5.653661606229843354e-05
4.178793361126406105e-05
4.670416109494218747e-05
5.162038857862030712e-05
3.810076299850546759e-04
4.916227483678125068e-05
3.441359238574687141e-05
2.703925116022968517e-05
5.407850232045937033e-05
4.916227483678125068e-05
4.178793361126406105e-05
1.229056870919531064e-04
7.374341225517186925e-05
5.653661606229843354e-05
8.357586722252812210e-05
1.204475733501140567e-04
5.162038857862030712e-05
1.204475733501140567e-04
4.916227483678125068e-05
1.966490993471249892e-05
1.720679619287343571e-05
2.703925116022968517e-05
1.204475733501140567e-04
1.720679619287343706e-04
8.849209470620624852e-05
6.145284354597655319e-05
1.941909856052859260e-04
4.670416109494218747e-05
3.932981986942499784e-05
5.899472980413749675e-05
1.253638008337921831e-04
7.620152599701093246e-05
5.162038857862030712e-05
7.620152599701093246e-05
2.703925116022968517e-05
4.916227483678125068e-05
3.687170612758593462e-05
4.916227483678125068e-05
8.357586722252812210e-05
4.916227483678125068e-05
5.899472980413749675e-05
1.302800283174703096e-04
4.178793361126406105e-05
1.130732321245968671e-04
5.653661606229843354e-05
6.882718477149374283e-05
1.425705970266656121e-04
7.374341225517186925e-05
5.162038857862030712e-05
4.178793361126406105e-05
3.441359238574687141e-05
9.832454967356250137e-05
3.687170612758593462e-05
1.376543695429874857e-04
4.916227483678125068e-05
5.162038857862030712e-05
6.145284354597655319e-05
2.949736490206874838e-05
4.916227483678125068e-05
1.229056870919531064e-04
4.080468811452843576e-04
5.162038857862030712e-05
2.187721230236765581e-04
1.671517344450562442e-04
9.340832218988437494e-05
1.302800283174703096e-04
5.653661606229843354e-05
1.056988908990796774e-04
7.620152599701093246e-05
1.794423031542515467e-04
8.111775348068905888e-05
6.391095728781561640e-05
4.424604735310312426e-05
3.269291276645953123e-04
6.636907102965467961e-05
7.865963973884999567e-05
3.932981986942499784e-05
9.340832218988437494e-05
1.868166443797687499e-04
1.646936207032171674e-04
5.407850232045937033e-05
3.932981986942499784e-05
2.113977817981593549e-04
1.106151183827578039e-04
8.111775348068905888e-05
3.195547864390780820e-05
5.162038857862030847e-04
3.687170612758593462e-05
4.178793361126406105e-05
4.424604735310312426e-05
3.195547864390780820e-05
3.687170612758593462e-05
3.932981986942499784e-05
4.178793361126406105e-05
6.882718477149374283e-05
9.095020844804531173e-05
1.966490993471249892e-05
1.843585306379296731e-04
4.178793361126406105e-05
4.916227483678125068e-05
3.441359238574687141e-05
6.391095728781561640e-05
7.374341225517186925e-05
9.586643593172343816e-05
3.220129001809171588e-04
6.636907102965467961e-05
5.407850232045937033e-05
3.195547864390780820e-05
6.145284354597655319e-05
6.882718477149374283e-05
2.433532604420671631e-04
1.769841894124124970e-04
3.441359238574687141e-05
3.932981986942499784e-05
6.882718477149374283e-05
7.374341225517186925e-05
4.178793361126406105e-05
3.932981986942499784e-05
1.007826634154015510e-04
4.178793361126406105e-05
5.899472980413749675e-05
7.128529851333280604e-05
3.687170612758593462e-05
2.949736490206874838e-05
3.195547864390780820e-05
4.670416109494218747e-05
1.597773932195390410e-04
4.916227483678125068e-05
9.586643593172343816e-05
2.703925116022968517e-05
5.162038857862030712e-05
2.703925116022968517e-05
7.128529851333280604e-05
8.603398096436718531e-05
6.145284354597655319e-05
4.916227483678125068e-05
8.357586722252812210e-05
8.357586722252812210e-05
1.229056870919531064e-04
1.155313458664359303e-04
9.586643593172343816e-05
9.340832218988437494e-05
2.703925116022968517e-05
3.441359238574687141e-05
5.407850232045937033e-05
3.932981986942499784e-05
1.524030519940218649e-04
5.162038857862030712e-05
3.195547864390780820e-05
5.653661606229843354e-05
3.932981986942499784e-05
9.832454967356249459e-06
5.653661606229843354e-05
6.636907102965467961e-05
5.653661606229843354e-05
5.653661606229843354e-05
1.745260756705734203e-04
7.374341225517186925e-05
1.646936207032171674e-04
3.195547864390780820e-05
1.081570046409187407e-04
7.128529851333280604e-05
8.357586722252812210e-05
1.499449382521828153e-04
4.424604735310312426e-05
1.597773932195390410e-04
7.620152599701093246e-05
4.989970895933296558e-04
3.195547864390780820e-05
3.441359238574687141e-05
3.441359238574687141e-05
1.474868245103437385e-04
8.357586722252812210e-05
4.670416109494218747e-05
4.916227483678125068e-05
3.195547864390780820e-05
9.586643593172343816e-05
2.949736490206874838e-05
5.899472980413749675e-05
4.424604735310312426e-05
4.424604735310312426e-05
4.670416109494218747e-05
4.670416109494218747e-05
5.162038857862030712e-05
8.849209470620624852e-05
3.932981986942499784e-05
6.391095728781561640e-05
4.916227483678125068e-05
3.195547864390780820e-05
4.424604735310312426e-05
5.162038857862030712e-05
3.687170612758593462e-05
1.573192794776999913e-04
2.261464642491937342e-04
1.081570046409187407e-04
1.474868245103437385e-04
8.357586722252812210e-05
2.949736490206874838e-05
1.474868245103437385e-04
1.696098481868952939e-04
4.670416109494218747e-05
1.499449382521828153e-04
7.865963973884999567e-05
4.424604735310312426e-05
3.441359238574687141e-05
3.932981986942499784e-05
3.195547864390780820e-05
5.899472980413749675e-05
5.653661606229843354e-05
1.204475733501140567e-04
3.932981986942499784e-05
4.424604735310312426e-05
1.450287107685046888e-04
1.081570046409187407e-04
9.586643593172343816e-05
3.687170612758593462e-05
1.843585306379296731e-04
2.163140092818374813e-04
7.128529851333280604e-05
1.081570046409187407e-04
3.195547864390780820e-05
6.391095728781561640e-05
6.145284354597655319e-05
2.703925116022968517e-05
5.899472980413749675e-05
3.687170612758593462e-05
3.195547864390780820e-05
9.832454967356250137e-05
4.670416109494218747e-05
8.357586722252812210e-05
1.253638008337921831e-04
7.865963973884999567e-05
7.620152599701093246e-05
4.424604735310312426e-05
8.111775348068905888e-05
7.374341225517186925e-05
2.949736490206874838e-05
4.424604735310312426e-05
1.032407771572406142e-04
3.441359238574687141e-05
1.155313458664359303e-04
1.401124832848265624e-04
1.130732321245968671e-04
9.095020844804531173e-05
6.145284354597655319e-05
1.229056870919531064e-04
3.195547864390780820e-05
3.195547864390780820e-05
1.032407771572406142e-04
1.892747581216077995e-04
3.687170612758593462e-05
3.687170612758593462e-05
7.620152599701093246e-05
3.687170612758593462e-05
9.340832218988437494e-05
4.916227483678125068e-05
4.916227483678125068e-05
6.145284354597655319e-05
7.128529851333280604e-05
4.178793361126406105e-05
7.128529851333280604e-05
3.195547864390780820e-05
4.178793361126406105e-05
3.687170612758593462e-05
8.849209470620624852e-05
6.882718477149374283e-05
1.966490993471249892e-05
1.474868245103437419e-05
9.832454967356250137e-05
2.703925116022968517e-05
3.195547864390780820e-05
3.441359238574687141e-05
3.195547864390780820e-05
2.703925116022968720e-04
8.603398096436718531e-05
4.178793361126406105e-05
3.687170612758593462e-05
2.138558955399984317e-04
3.195547864390780820e-05
3.441359238574687141e-05
2.974317627625265538e-04
2.703925116022968517e-05
1.032407771572406142e-04
4.424604735310312426e-05
6.636907102965467961e-05
6.636907102965467961e-05
2.212302367655156213e-05
4.178793361126406105e-05
3.932981986942499784e-05
3.195547864390780820e-05
4.178793361126406105e-05
1.032407771572406142e-04
9.832454967356250137e-05
4.670416109494218747e-05
6.145284354597655319e-05
7.865963973884999567e-05
6.145284354597655319e-05
2.949736490206874838e-05
4.178793361126406105e-05
2.212302367655156213e-05
1.179894596082749935e-04
2.703925116022968517e-05
7.374341225517186925e-05
1.130732321245968671e-04
1.229056870919531064e-04
3.195547864390780820e-05
5.899472980413749675e-05
2.949736490206874838e-05
7.128529851333280604e-05
6.636907102965467961e-05
2.138558955399984317e-04
3.392196963737905877e-04
5.162038857862030712e-05
4.178793361126406105e-05
3.195547864390780820e-05
3.195547864390780820e-05
4.424604735310312426e-05
7.865963973884999567e-05
4.178793361126406105e-05
9.832454967356250137e-05
4.424604735310312426e-05
1.376543695429874857e-04
3.195547864390780820e-05
1.425705970266656121e-04
1.081570046409187407e-04
2.040234405726421788e-04
4.670416109494218747e-05
3.170966726972390595e-04
1.278219145756312328e-04
2.458113741839062534e-05
2.212302367655156213e-05
2.703925116022968517e-05
1.302800283174703096e-04
2.703925116022968517e-05
2.703925116022968517e-05
5.407850232045937033e-05
3.932981986942499784e-05
3.195547864390780820e-05
4.670416109494218747e-05
4.178793361126406105e-05
1.548611657358609417e-04
3.441359238574687141e-05
3.687170612758593462e-05
1.302800283174703096e-04
2.212302367655156213e-05
4.916227483678125068e-05
3.441359238574687141e-05
1.745260756705734203e-04
5.653661606229843354e-05
8.603398096436718531e-05
2.949736490206874838e-05
2.458113741839062534e-05
1.106151183827578039e-04
1.081570046409187407e-04
1.179894596082749935e-04
3.441359238574687141e-05
2.949736490206874838e-05
5.899472980413749675e-05
1.229056870919531064e-04
4.178793361126406105e-05
4.178793361126406105e-05
9.095020844804531173e-05
1.474868245103437419e-05
3.932981986942499784e-05
1.032407771572406142e-04
4.178793361126406105e-05
7.865963973884999567e-05
3.195547864390780820e-05
8.111775348068905888e-05
2.531857154094234431e-04
9.340832218988437494e-05
2.458113741839062534e-05
2.212302367655156213e-05
4.178793361126406105e-05
4.178793361126406105e-05
3.687170612758593462e-05
2.703925116022968517e-05
2.138558955399984317e-04
5.162038857862030712e-05
6.145284354597655319e-05
8.849209470620624852e-05
2.703925116022968517e-05
3.195547864390780820e-05
3.687170612758593462e-05
2.310626917328718606e-04
4.178793361126406105e-05
2.458113741839062534e-05
2.703925116022968517e-05
8.357586722252812210e-05
3.441359238574687141e-05
4.916227483678125068e-05
3.687170612758593462e-05
7.865963973884999567e-05
7.374341225517186925e-05
3.195547864390780820e-05
8.849209470620624852e-05
1.155313458664359303e-04
5.407850232045937033e-05
5.162038857862030712e-05
1.892747581216077995e-04
2.949736490206874838e-05
3.441359238574687141e-05
2.458113741839062534e-05
3.932981986942499784e-05
1.474868245103437419e-05
8.111775348068905888e-05
1.056988908990796774e-04
3.195547864390780820e-05
3.441359238574687141e-05
2.949736490206874838e-05
3.687170612758593462e-05
5.899472980413749675e-05
4.178793361126406105e-05
4.940808621096515023e-04
5.407850232045937033e-05
2.703925116022968517e-05
1.155313458664359303e-04
6.391095728781561640e-05
3.932981986942499784e-05
1.007826634154015510e-04
5.407850232045937033e-05
3.441359238574687141e-05
5.407850232045937033e-05
7.128529851333280604e-05
1.179894596082749935e-04
8.111775348068905888e-05
1.081570046409187407e-04
3.687170612758593462e-05
3.932981986942499784e-05
5.407850232045937033e-05
3.932981986942499784e-05
4.424604735310312426e-05
7.865963973884999567e-05
4.916227483678125068e-05
9.586643593172343816e-05
1.720679619287343571e-05
2.261464642491937342e-04
2.212302367655156213e-05
5.899472980413749675e-05
2.359789192165499870e-04
